0.105638
0.101535
0.0902031
0.0769351
0.101535
0.09758
0.0866874
0.0739454
0.0902031
0.0866874
0.0770062
0.0656816
0.0769351
0.0739454
0.0656816
0.0560038
0.101535
0.09758
0.0866874
0.0739454
0.09758
0.0937669
0.0832979
0.0710633
0.0866874
0.0832979
0.0739935
0.0631202
0.0739454
0.0710633
0.0631202
0.0538263
0.0902031
0.0866874
0.0770062
0.0656816
0.0866874
0.0832979
0.0739935
0.0631202
0.0770062
0.0739935
0.0657243
0.0560612
0.0656816
0.0631202
0.0560612
0.0478019
0.0769351
0.0739454
0.0656816
0.0560038
0.0739454
0.0710633
0.0631202
0.0538263
0.0656816
0.0631202
0.0560612
0.0478019
0.0560038
0.0538263
0.0478019
0.0407446
0.0692333
0.051798
0.0266441
0.00552096
0.0665736
0.0498256
0.025638
0.00530902
0.0591435
0.0442748
0.0227901
0.00472492
0.0504136
0.0377385
0.0194305
0.00404149
0.0665736
0.0498256
0.025638
0.00530902
0.064011
0.0479256
0.0246689
0.00510448
0.0568668
0.0425872
0.0219296
0.00454323
0.048478
0.0363041
0.0186995
0.00388745
0.0591435
0.0442748
0.0227901
0.00472492
0.0568668
0.0425872
0.0219296
0.00454323
0.0505172
0.0378418
0.019494
0.00404413
0.0430606
0.0322553
0.016621
0.00346073
0.0504136
0.0377385
0.0194305
0.00404149
0.048478
0.0363041
0.0186995
0.00388745
0.0430606
0.0322553
0.016621
0.00346073
0.0366917
0.0274833
0.0141661
0.00296065
0.0692333
0.0665736
0.0591435
0.0504136
0.051798
0.0498256
0.0442748
0.0377385
0.0266441
0.025638
0.0227901
0.0194305
0.00552096
0.00530902
0.00472492
0.00404149
0.0665736
0.064011
0.0568668
0.048478
0.0498256
0.0479256
0.0425872
0.0363041
0.025638
0.0246689
0.0219296
0.0186995
0.00530902
0.00510448
0.00454323
0.00388745
0.0591435
0.0568668
0.0505172
0.0430606
0.0442748
0.0425872
0.0378418
0.0322553
0.0227901
0.0219296
0.019494
0.016621
0.00472492
0.00454323
0.00404413
0.00346073
0.0504136
0.048478
0.0430606
0.0366917
0.0377385
0.0363041
0.0322553
0.0274833
0.0194305
0.0186995
0.016621
0.0141661
0.00404149
0.00388745
0.00346073
0.00296065
0.0452469
0.0338456
0.0174233
0.00365088
0.0338456
0.0253421
0.0130722
0.00276729
0.0174233
0.0130722
0.00676845
0.00145651
0.00365088
0.00276729
0.00145651
0.000330809
0.043522
0.0325671
0.0167722
0.00351526
0.0325671
0.0243953
0.0125909
0.00266773
0.0167722
0.0125909
0.00652438
0.0014064
0.00351526
0.00266773
0.0014064
0.00032044
0.038657
0.028932
0.0149057
0.00312982
0.028932
0.0216771
0.0111933
0.00237781
0.0149057
0.0111933
0.00580452
0.00125635
0.00312982
0.00237781
0.00125635
0.000289302
0.0329242
0.0246383
0.0126956
0.00267459
0.0246383
0.0184571
0.00953242
0.00203293
0.0126956
0.00953242
0.00494511
0.00107646
0.00267459
0.00203293
0.00107646
0.000251938
0.0692333
0.0665736
0.0591435
0.0504136
0.0665736
0.064011
0.0568668
0.048478
0.0591435
0.0568668
0.0505172
0.0430606
0.0504136
0.048478
0.0430606
0.0366917
0.051798
0.0498256
0.0442748
0.0377385
0.0498256
0.0479256
0.0425872
0.0363041
0.0442748
0.0425872
0.0378418
0.0322553
0.0377385
0.0363041
0.0322553
0.0274833
0.0266441
0.025638
0.0227901
0.0194305
0.025638
0.0246689
0.0219296
0.0186995
0.0227901
0.0219296
0.019494
0.016621
0.0194305
0.0186995
0.016621
0.0141661
0.00552096
0.00530902
0.00472492
0.00404149
0.00530902
0.00510448
0.00454323
0.00388745
0.00472492
0.00454323
0.00404413
0.00346073
0.00404149
0.00388745
0.00346073
0.00296065
0.0452469
0.0338456
0.0174233
0.00365088
0.043522
0.0325671
0.0167722
0.00351526
0.038657
0.028932
0.0149057
0.00312982
0.0329242
0.0246383
0.0126956
0.00267459
0.0338456
0.0253421
0.0130722
0.00276729
0.0325671
0.0243953
0.0125909
0.00266773
0.028932
0.0216771
0.0111933
0.00237781
0.0246383
0.0184571
0.00953242
0.00203293
0.0174233
0.0130722
0.00676845
0.00145651
0.0167722
0.0125909
0.00652438
0.0014064
0.0149057
0.0111933
0.00580452
0.00125635
0.0126956
0.00953242
0.00494511
0.00107646
0.00365088
0.00276729
0.00145651
0.000330809
0.00351526
0.00266773
0.0014064
0.00032044
0.00312982
0.00237781
0.00125635
0.000289302
0.00267459
0.00203293
0.00107646
0.000251938
0.0452469
0.043522
0.038657
0.0329242
0.0338456
0.0325671
0.028932
0.0246383
0.0174233
0.0167722
0.0149057
0.0126956
0.00365088
0.00351526
0.00312982
0.00267459
0.0338456
0.0325671
0.028932
0.0246383
0.0253421
0.0243953
0.0216771
0.0184571
0.0130722
0.0125909
0.0111933
0.00953242
0.00276729
0.00266773
0.00237781
0.00203293
0.0174233
0.0167722
0.0149057
0.0126956
0.0130722
0.0125909
0.0111933
0.00953242
0.00676845
0.00652438
0.00580452
0.00494511
0.00145651
0.0014064
0.00125635
0.00107646
0.00365088
0.00351526
0.00312982
0.00267459
0.00276729
0.00266773
0.00237781
0.00203293
0.00145651
0.0014064
0.00125635
0.00107646
0.000330809
0.00032044
0.000289302
0.000251938
0.0294929
0.0220496
0.0113504
0.00239296
0.0220496
0.0164969
0.00850639
0.00181048
0.0113504
0.00850639
0.00440137
0.000952804
0.00239296
0.00181048
0.000952804
0.000220554
0.0220496
0.0164969
0.00850639
0.00181048
0.0164969
0.0123516
0.00638096
0.00137387
0.00850639
0.00638096
0.00331026
0.000728618
0.00181048
0.00137387
0.000728618
0.000176136
0.0113504
0.00850639
0.00440137
0.000952804
0.00850639
0.00638096
0.00331026
0.000728618
0.00440137
0.00331026
0.00172787
0.000393352
0.000952804
0.000728618
0.000393352
0.00010361
0.00239296
0.00181048
0.000952804
0.000220554
0.00181048
0.00137387
0.000728618
0.000176136
0.000952804
0.000728618
0.000393352
0.00010361
0.000220554
0.000176136
0.00010361
3.68545e-05
-0.00552096
-0.0266441
-0.051798
-0.0692333
-0.00530902
-0.025638
-0.0498256
-0.0665736
-0.00472492
-0.0227901
-0.0442748
-0.0591435
-0.00404149
-0.0194305
-0.0377385
-0.0504136
-0.00530902
-0.025638
-0.0498256
-0.0665736
-0.00510448
-0.0246689
-0.0479256
-0.064011
-0.00454324
-0.0219296
-0.0425872
-0.0568668
-0.00388745
-0.0186995
-0.0363041
-0.048478
-0.00472492
-0.0227901
-0.0442748
-0.0591435
-0.00454324
-0.0219296
-0.0425872
-0.0568668
-0.00404413
-0.019494
-0.0378418
-0.0505172
-0.00346073
-0.016621
-0.0322553
-0.0430606
-0.00404149
-0.0194305
-0.0377385
-0.0504136
-0.00388745
-0.0186995
-0.0363041
-0.048478
-0.00346073
-0.016621
-0.0322553
-0.0430606
-0.00296065
-0.0141661
-0.0274833
-0.0366917
-0.0769351
-0.0902031
-0.101535
-0.105638
-0.0739454
-0.0866874
-0.09758
-0.101535
-0.0656816
-0.0770062
-0.0866874
-0.0902031
-0.0560038
-0.0656816
-0.0739454
-0.0769351
-0.0739454
-0.0866874
-0.09758
-0.101535
-0.0710633
-0.0832979
-0.0937669
-0.09758
-0.0631202
-0.0739935
-0.0832979
-0.0866874
-0.0538263
-0.0631202
-0.0710633
-0.0739454
-0.0656816
-0.0770062
-0.0866874
-0.0902031
-0.0631202
-0.0739935
-0.0832979
-0.0866874
-0.0560612
-0.0657243
-0.0739935
-0.0770062
-0.0478019
-0.0560612
-0.0631202
-0.0656816
-0.0560038
-0.0656816
-0.0739454
-0.0769351
-0.0538263
-0.0631202
-0.0710633
-0.0739454
-0.0478019
-0.0560612
-0.0631202
-0.0656816
-0.0407446
-0.0478019
-0.0538263
-0.0560038
-0.00365088
-0.0174233
-0.0338456
-0.0452469
-0.00276729
-0.0130722
-0.0253421
-0.0338456
-0.00145651
-0.00676845
-0.0130722
-0.0174233
-0.00033081
-0.00145651
-0.00276729
-0.00365088
-0.00351526
-0.0167722
-0.0325671
-0.043522
-0.00266773
-0.0125909
-0.0243953
-0.0325671
-0.0014064
-0.00652439
-0.0125909
-0.0167722
-0.000320441
-0.0014064
-0.00266773
-0.00351526
-0.00312982
-0.0149057
-0.028932
-0.038657
-0.00237781
-0.0111933
-0.0216771
-0.028932
-0.00125635
-0.00580452
-0.0111933
-0.0149057
-0.000289303
-0.00125635
-0.00237781
-0.00312982
-0.0026746
-0.0126956
-0.0246383
-0.0329242
-0.00203293
-0.00953242
-0.0184571
-0.0246383
-0.00107646
-0.00494511
-0.00953242
-0.0126956
-0.000251939
-0.00107646
-0.00203293
-0.0026746
-0.0504136
-0.0591435
-0.0665736
-0.0692333
-0.0377385
-0.0442748
-0.0498256
-0.051798
-0.0194305
-0.0227901
-0.025638
-0.0266441
-0.00404149
-0.00472492
-0.00530902
-0.00552096
-0.048478
-0.0568668
-0.064011
-0.0665736
-0.0363041
-0.0425872
-0.0479256
-0.0498256
-0.0186995
-0.0219296
-0.0246689
-0.025638
-0.00388745
-0.00454323
-0.00510448
-0.00530902
-0.0430606
-0.0505172
-0.0568668
-0.0591435
-0.0322553
-0.0378418
-0.0425872
-0.0442748
-0.016621
-0.019494
-0.0219296
-0.0227901
-0.00346073
-0.00404413
-0.00454323
-0.00472492
-0.0366917
-0.0430606
-0.048478
-0.0504136
-0.0274833
-0.0322553
-0.0363041
-0.0377385
-0.0141661
-0.016621
-0.0186995
-0.0194305
-0.00296065
-0.00346073
-0.00388745
-0.00404149
-0.00365088
-0.0174233
-0.0338456
-0.0452469
-0.00351526
-0.0167722
-0.0325671
-0.043522
-0.00312982
-0.0149057
-0.028932
-0.038657
-0.0026746
-0.0126956
-0.0246383
-0.0329242
-0.00276729
-0.0130722
-0.0253421
-0.0338456
-0.00266773
-0.0125909
-0.0243953
-0.0325671
-0.00237781
-0.0111933
-0.0216771
-0.028932
-0.00203293
-0.00953242
-0.0184571
-0.0246383
-0.00145651
-0.00676845
-0.0130722
-0.0174233
-0.0014064
-0.00652439
-0.0125909
-0.0167722
-0.00125635
-0.00580452
-0.0111933
-0.0149057
-0.00107646
-0.00494511
-0.00953242
-0.0126956
-0.00033081
-0.00145651
-0.00276729
-0.00365088
-0.000320441
-0.0014064
-0.00266773
-0.00351526
-0.000289303
-0.00125635
-0.00237781
-0.00312982
-0.000251939
-0.00107646
-0.00203293
-0.0026746
-0.0504136
-0.0591435
-0.0665736
-0.0692333
-0.048478
-0.0568668
-0.064011
-0.0665736
-0.0430606
-0.0505172
-0.0568668
-0.0591435
-0.0366917
-0.0430606
-0.048478
-0.0504136
-0.0377385
-0.0442748
-0.0498256
-0.051798
-0.0363041
-0.0425872
-0.0479256
-0.0498256
-0.0322553
-0.0378418
-0.0425872
-0.0442748
-0.0274833
-0.0322553
-0.0363041
-0.0377385
-0.0194305
-0.0227901
-0.025638
-0.0266441
-0.0186995
-0.0219296
-0.0246689
-0.025638
-0.016621
-0.019494
-0.0219296
-0.0227901
-0.0141661
-0.016621
-0.0186995
-0.0194305
-0.00404149
-0.00472492
-0.00530902
-0.00552096
-0.00388745
-0.00454323
-0.00510448
-0.00530902
-0.00346073
-0.00404413
-0.00454323
-0.00472492
-0.00296065
-0.00346073
-0.00388745
-0.00404149
-0.00239296
-0.0113504
-0.0220496
-0.0294929
-0.00181048
-0.00850639
-0.0164969
-0.0220496
-0.000952804
-0.00440137
-0.00850639
-0.0113504
-0.000220555
-0.000952804
-0.00181048
-0.00239296
-0.00181048
-0.00850639
-0.0164969
-0.0220496
-0.00137387
-0.00638096
-0.0123516
-0.0164969
-0.000728619
-0.00331026
-0.00638096
-0.00850639
-0.000176137
-0.000728619
-0.00137387
-0.00181048
-0.000952804
-0.00440137
-0.00850639
-0.0113504
-0.000728619
-0.00331026
-0.00638096
-0.00850639
-0.000393353
-0.00172787
-0.00331026
-0.00440137
-0.000103611
-0.000393353
-0.000728619
-0.000952804
-0.000220555
-0.000952804
-0.00181048
-0.00239296
-0.000176137
-0.000728619
-0.00137387
-0.00181048
-0.000103611
-0.000393353
-0.000728619
-0.000952804
-3.68552e-05
-0.000103611
-0.000176136
-0.000220555
-0.0329242
-0.038657
-0.043522
-0.0452469
-0.0246383
-0.028932
-0.0325671
-0.0338456
-0.0126956
-0.0149057
-0.0167722
-0.0174233
-0.0026746
-0.00312982
-0.00351526
-0.00365088
-0.0246383
-0.028932
-0.0325671
-0.0338456
-0.0184571
-0.0216771
-0.0243953
-0.0253421
-0.00953242
-0.0111933
-0.0125909
-0.0130722
-0.00203293
-0.00237781
-0.00266773
-0.00276729
-0.0126956
-0.0149057
-0.0167722
-0.0174233
-0.00953242
-0.0111933
-0.0125909
-0.0130722
-0.00494511
-0.00580452
-0.00652439
-0.00676845
-0.00107646
-0.00125635
-0.0014064
-0.00145651
-0.0026746
-0.00312982
-0.00351526
-0.00365088
-0.00203293
-0.00237781
-0.00266773
-0.00276729
-0.00107646
-0.00125635
-0.0014064
-0.00145651
-0.000251939
-0.000289302
-0.000320441
-0.000330809
-0.00552096
-0.00530902
-0.00472492
-0.00404149
-0.0266441
-0.025638
-0.0227901
-0.0194305
-0.051798
-0.0498256
-0.0442748
-0.0377385
-0.0692333
-0.0665736
-0.0591435
-0.0504136
-0.00530902
-0.00510448
-0.00454324
-0.00388745
-0.025638
-0.0246689
-0.0219296
-0.0186995
-0.0498256
-0.0479256
-0.0425872
-0.0363041
-0.0665736
-0.064011
-0.0568668
-0.048478
-0.00472492
-0.00454324
-0.00404413
-0.00346073
-0.0227901
-0.0219296
-0.019494
-0.016621
-0.0442748
-0.0425872
-0.0378418
-0.0322553
-0.0591435
-0.0568668
-0.0505172
-0.0430606
-0.00404149
-0.00388745
-0.00346073
-0.00296065
-0.0194305
-0.0186995
-0.016621
-0.0141661
-0.0377385
-0.0363041
-0.0322553
-0.0274833
-0.0504136
-0.048478
-0.0430606
-0.0366917
-0.00365088
-0.00276729
-0.00145651
-0.00033081
-0.0174233
-0.0130722
-0.00676845
-0.00145651
-0.0338456
-0.0253421
-0.0130722
-0.00276729
-0.0452469
-0.0338456
-0.0174233
-0.00365088
-0.00351526
-0.00266773
-0.0014064
-0.000320441
-0.0167722
-0.0125909
-0.00652439
-0.0014064
-0.0325671
-0.0243953
-0.0125909
-0.00266773
-0.043522
-0.0325671
-0.0167722
-0.00351526
-0.00312982
-0.00237781
-0.00125635
-0.000289303
-0.0149057
-0.0111933
-0.00580452
-0.00125635
-0.028932
-0.0216771
-0.0111933
-0.00237781
-0.038657
-0.028932
-0.0149057
-0.00312982
-0.0026746
-0.00203293
-0.00107646
-0.000251939
-0.0126956
-0.00953242
-0.00494511
-0.00107646
-0.0246383
-0.0184571
-0.00953242
-0.00203293
-0.0329242
-0.0246383
-0.0126956
-0.0026746
-0.0769351
-0.0739454
-0.0656816
-0.0560038
-0.0902031
-0.0866874
-0.0770062
-0.0656816
-0.101535
-0.09758
-0.0866874
-0.0739454
-0.105638
-0.101535
-0.0902031
-0.0769351
-0.0739454
-0.0710633
-0.0631202
-0.0538263
-0.0866874
-0.0832979
-0.0739935
-0.0631202
-0.09758
-0.0937669
-0.0832979
-0.0710633
-0.101535
-0.09758
-0.0866874
-0.0739454
-0.0656816
-0.0631202
-0.0560612
-0.0478019
-0.0770062
-0.0739935
-0.0657243
-0.0560612
-0.0866874
-0.0832979
-0.0739935
-0.0631202
-0.0902031
-0.0866874
-0.0770062
-0.0656816
-0.0560038
-0.0538263
-0.0478019
-0.0407446
-0.0656816
-0.0631202
-0.0560612
-0.0478019
-0.0739454
-0.0710633
-0.0631202
-0.0538263
-0.0769351
-0.0739454
-0.0656816
-0.0560038
-0.0504136
-0.0377385
-0.0194305
-0.00404149
-0.0591435
-0.0442748
-0.0227901
-0.00472492
-0.0665736
-0.0498256
-0.025638
-0.00530902
-0.0692333
-0.051798
-0.0266441
-0.00552096
-0.048478
-0.0363041
-0.0186995
-0.00388745
-0.0568668
-0.0425872
-0.0219296
-0.00454323
-0.064011
-0.0479256
-0.0246689
-0.00510448
-0.0665736
-0.0498256
-0.025638
-0.00530902
-0.0430606
-0.0322553
-0.016621
-0.00346073
-0.0505172
-0.0378418
-0.019494
-0.00404413
-0.0568668
-0.0425872
-0.0219296
-0.00454323
-0.0591435
-0.0442748
-0.0227901
-0.00472492
-0.0366917
-0.0274833
-0.0141661
-0.00296065
-0.0430606
-0.0322553
-0.016621
-0.00346073
-0.048478
-0.0363041
-0.0186995
-0.00388745
-0.0504136
-0.0377385
-0.0194305
-0.00404149
-0.00365088
-0.00351526
-0.00312982
-0.0026746
-0.0174233
-0.0167722
-0.0149057
-0.0126956
-0.0338456
-0.0325671
-0.028932
-0.0246383
-0.0452469
-0.043522
-0.038657
-0.0329242
-0.00276729
-0.00266773
-0.00237781
-0.00203293
-0.0130722
-0.0125909
-0.0111933
-0.00953242
-0.0253421
-0.0243953
-0.0216771
-0.0184571
-0.0338456
-0.0325671
-0.028932
-0.0246383
-0.00145651
-0.0014064
-0.00125635
-0.00107646
-0.00676845
-0.00652439
-0.00580452
-0.00494511
-0.0130722
-0.0125909
-0.0111933
-0.00953242
-0.0174233
-0.0167722
-0.0149057
-0.0126956
-0.00033081
-0.000320441
-0.000289303
-0.000251939
-0.00145651
-0.0014064
-0.00125635
-0.00107646
-0.00276729
-0.00266773
-0.00237781
-0.00203293
-0.00365088
-0.00351526
-0.00312982
-0.0026746
-0.00239296
-0.00181048
-0.000952805
-0.000220555
-0.0113504
-0.00850639
-0.00440137
-0.000952804
-0.0220496
-0.0164969
-0.00850639
-0.00181048
-0.0294929
-0.0220496
-0.0113504
-0.00239296
-0.00181048
-0.00137387
-0.000728619
-0.000176137
-0.00850639
-0.00638096
-0.00331026
-0.000728619
-0.0164969
-0.0123516
-0.00638096
-0.00137387
-0.0220496
-0.0164969
-0.00850639
-0.00181048
-0.000952804
-0.000728619
-0.000393353
-0.000103611
-0.00440137
-0.00331026
-0.00172787
-0.000393353
-0.00850639
-0.00638096
-0.00331026
-0.000728619
-0.0113504
-0.00850639
-0.00440137
-0.000952804
-0.000220555
-0.000176137
-0.000103611
-3.68552e-05
-0.000952804
-0.000728619
-0.000393353
-0.000103611
-0.00181048
-0.00137387
-0.000728619
-0.000176136
-0.00239296
-0.00181048
-0.000952804
-0.000220555
-0.0504136
-0.048478
-0.0430606
-0.0366917
-0.0591435
-0.0568668
-0.0505172
-0.0430606
-0.0665736
-0.064011
-0.0568668
-0.048478
-0.0692333
-0.0665736
-0.0591435
-0.0504136
-0.0377385
-0.0363041
-0.0322553
-0.0274833
-0.0442748
-0.0425872
-0.0378418
-0.0322553
-0.0498256
-0.0479256
-0.0425872
-0.0363041
-0.051798
-0.0498256
-0.0442748
-0.0377385
-0.0194305
-0.0186995
-0.016621
-0.0141661
-0.0227901
-0.0219296
-0.019494
-0.016621
-0.025638
-0.0246689
-0.0219296
-0.0186995
-0.0266441
-0.025638
-0.0227901
-0.0194305
-0.00404149
-0.00388745
-0.00346073
-0.00296065
-0.00472492
-0.00454323
-0.00404413
-0.00346073
-0.00530902
-0.00510448
-0.00454323
-0.00388745
-0.00552096
-0.00530902
-0.00472492
-0.00404149
-0.0329242
-0.0246383
-0.0126956
-0.0026746
-0.038657
-0.028932
-0.0149057
-0.00312982
-0.043522
-0.0325671
-0.0167722
-0.00351526
-0.0452469
-0.0338456
-0.0174233
-0.00365088
-0.0246383
-0.0184571
-0.00953242
-0.00203293
-0.028932
-0.0216771
-0.0111933
-0.00237781
-0.0325671
-0.0243953
-0.0125909
-0.00266773
-0.0338456
-0.0253421
-0.0130722
-0.00276729
-0.0126956
-0.00953242
-0.00494511
-0.00107646
-0.0149057
-0.0111933
-0.00580452
-0.00125635
-0.0167722
-0.0125909
-0.00652439
-0.0014064
-0.0174233
-0.0130722
-0.00676845
-0.00145651
-0.0026746
-0.00203293
-0.00107646
-0.000251939
-0.00312982
-0.00237781
-0.00125635
-0.000289302
-0.00351526
-0.00266773
-0.0014064
-0.000320441
-0.00365088
-0.00276729
-0.00145651
-0.000330809
0.000330809
0.00145651
0.00276729
0.00365088
0.00145651
0.00676845
0.0130722
0.0174233
0.00276729
0.0130722
0.0253421
0.0338456
0.00365088
0.0174233
0.0338456
0.0452469
0.00032044
0.0014064
0.00266773
0.00351526
0.0014064
0.00652438
0.0125909
0.0167722
0.00266773
0.0125909
0.0243953
0.0325671
0.00351526
0.0167722
0.0325671
0.043522
0.000289302
0.00125635
0.00237781
0.00312982
0.00125635
0.00580452
0.0111933
0.0149057
0.00237781
0.0111933
0.0216771
0.028932
0.00312982
0.0149057
0.028932
0.038657
0.000251938
0.00107646
0.00203293
0.00267459
0.00107646
0.00494511
0.00953242
0.0126956
0.00203293
0.00953242
0.0184571
0.0246383
0.00267459
0.0126956
0.0246383
0.0329242
0.00404149
0.00472492
0.00530902
0.00552096
0.0194305
0.0227901
0.025638
0.0266441
0.0377385
0.0442748
0.0498256
0.051798
0.0504136
0.0591435
0.0665736
0.0692333
0.00388745
0.00454323
0.00510448
0.00530902
0.0186995
0.0219296
0.0246689
0.025638
0.0363041
0.0425872
0.0479256
0.0498256
0.048478
0.0568668
0.064011
0.0665736
0.00346073
0.00404413
0.00454323
0.00472492
0.016621
0.019494
0.0219296
0.0227901
0.0322553
0.0378418
0.0425872
0.0442748
0.0430606
0.0505172
0.0568668
0.0591435
0.00296065
0.00346073
0.00388745
0.00404149
0.0141661
0.016621
0.0186995
0.0194305
0.0274833
0.0322553
0.0363041
0.0377385
0.0366917
0.0430606
0.048478
0.0504136
0.00404149
0.0194305
0.0377385
0.0504136
0.00472492
0.0227901
0.0442748
0.0591435
0.00530902
0.025638
0.0498256
0.0665736
0.00552096
0.0266441
0.051798
0.0692333
0.00388745
0.0186995
0.0363041
0.048478
0.00454323
0.0219296
0.0425872
0.0568668
0.00510448
0.0246689
0.0479256
0.064011
0.00530902
0.025638
0.0498256
0.0665736
0.00346073
0.016621
0.0322553
0.0430606
0.00404413
0.019494
0.0378418
0.0505172
0.00454323
0.0219296
0.0425872
0.0568668
0.00472492
0.0227901
0.0442748
0.0591435
0.00296065
0.0141661
0.0274833
0.0366917
0.00346073
0.016621
0.0322553
0.0430606
0.00388745
0.0186995
0.0363041
0.048478
0.00404149
0.0194305
0.0377385
0.0504136
0.0560038
0.0656816
0.0739454
0.0769351
0.0656816
0.0770062
0.0866874
0.0902031
0.0739454
0.0866874
0.09758
0.101535
0.0769351
0.0902031
0.101535
0.105638
0.0538263
0.0631202
0.0710633
0.0739454
0.0631202
0.0739935
0.0832979
0.0866874
0.0710633
0.0832979
0.0937669
0.09758
0.0739454
0.0866874
0.09758
0.101535
0.0478019
0.0560612
0.0631202
0.0656816
0.0560612
0.0657243
0.0739935
0.0770062
0.0631202
0.0739935
0.0832979
0.0866874
0.0656816
0.0770062
0.0866874
0.0902031
0.0407446
0.0478019
0.0538263
0.0560038
0.0478019
0.0560612
0.0631202
0.0656816
0.0538263
0.0631202
0.0710633
0.0739454
0.0560038
0.0656816
0.0739454
0.0769351
0.000220554
0.000952804
0.00181048
0.00239296
0.000952804
0.00440137
0.00850639
0.0113504
0.00181048
0.00850639
0.0164969
0.0220496
0.00239296
0.0113504
0.0220496
0.0294929
0.000176136
0.000728618
0.00137387
0.00181048
0.000728618
0.00331026
0.00638096
0.00850639
0.00137387
0.00638096
0.0123516
0.0164969
0.00181048
0.00850639
0.0164969
0.0220496
0.00010361
0.000393352
0.000728618
0.000952804
0.000393352
0.00172787
0.00331026
0.00440137
0.000728618
0.00331026
0.00638096
0.00850639
0.000952804
0.00440137
0.00850639
0.0113504
3.68546e-05
0.00010361
0.000176136
0.000220555
0.00010361
0.000393353
0.000728619
0.000952804
0.000176136
0.000728619
0.00137387
0.00181048
0.000220555
0.000952804
0.00181048
0.00239296
0.00267459
0.00312982
0.00351526
0.00365088
0.0126956
0.0149057
0.0167722
0.0174233
0.0246383
0.028932
0.0325671
0.0338456
0.0329242
0.038657
0.043522
0.0452469
0.00203293
0.00237781
0.00266773
0.00276729
0.00953242
0.0111933
0.0125909
0.0130722
0.0184571
0.0216771
0.0243953
0.0253421
0.0246383
0.028932
0.0325671
0.0338456
0.00107646
0.00125635
0.0014064
0.00145651
0.00494511
0.00580452
0.00652439
0.00676845
0.00953242
0.0111933
0.0125909
0.0130722
0.0126956
0.0149057
0.0167722
0.0174233
0.000251939
0.000289302
0.000320441
0.000330809
0.00107646
0.00125635
0.0014064
0.00145651
0.00203293
0.00237781
0.00266773
0.00276729
0.0026746
0.00312982
0.00351526
0.00365088
0.00267459
0.0126956
0.0246383
0.0329242
0.00312982
0.0149057
0.028932
0.038657
0.00351526
0.0167722
0.0325671
0.043522
0.00365088
0.0174233
0.0338456
0.0452469
0.00203293
0.00953242
0.0184571
0.0246383
0.00237781
0.0111933
0.0216771
0.028932
0.00266773
0.0125909
0.0243953
0.0325671
0.00276729
0.0130722
0.0253421
0.0338456
0.00107646
0.00494511
0.00953242
0.0126956
0.00125635
0.00580452
0.0111933
0.0149057
0.0014064
0.00652439
0.0125909
0.0167722
0.00145651
0.00676845
0.0130722
0.0174233
0.000251939
0.00107646
0.00203293
0.0026746
0.000289302
0.00125635
0.00237781
0.00312982
0.000320441
0.0014064
0.00266773
0.00351526
0.000330809
0.00145651
0.00276729
0.00365088
0.0366917
0.0430606
0.048478
0.0504136
0.0430606
0.0505172
0.0568668
0.0591435
0.048478
0.0568668
0.064011
0.0665736
0.0504136
0.0591435
0.0665736
0.0692333
0.0274833
0.0322553
0.0363041
0.0377385
0.0322553
0.0378418
0.0425872
0.0442748
0.0363041
0.0425872
0.0479256
0.0498256
0.0377385
0.0442748
0.0498256
0.051798
0.0141661
0.016621
0.0186995
0.0194305
0.016621
0.019494
0.0219296
0.0227901
0.0186995
0.0219296
0.0246689
0.025638
0.0194305
0.0227901
0.025638
0.0266441
0.00296065
0.00346073
0.00388745
0.00404149
0.00346073
0.00404413
0.00454324
0.00472492
0.00388745
0.00454324
0.00510448
0.00530902
0.00404149
0.00472492
0.00530902
0.00552096
-0.00552096
-0.00530902
-0.00472492
-0.00404149
-0.00530902
-0.00510448
-0.00454324
-0.00388745
-0.00472492
-0.00454324
-0.00404413
-0.00346073
-0.00404149
-0.00388745
-0.00346073
-0.00296065
-0.0266441
-0.025638
-0.0227901
-0.0194305
-0.025638
-0.0246689
-0.0219296
-0.0186995
-0.0227901
-0.0219296
-0.019494
-0.016621
-0.0194305
-0.0186995
-0.016621
-0.0141661
-0.051798
-0.0498256
-0.0442748
-0.0377385
-0.0498256
-0.0479256
-0.0425872
-0.0363041
-0.0442748
-0.0425872
-0.0378418
-0.0322553
-0.0377385
-0.0363041
-0.0322553
-0.0274833
-0.0692333
-0.0665736
-0.0591435
-0.0504136
-0.0665736
-0.064011
-0.0568668
-0.048478
-0.0591435
-0.0568668
-0.0505172
-0.0430606
-0.0504136
-0.048478
-0.0430606
-0.0366917
-0.00365088
-0.00276729
-0.00145651
-0.00033081
-0.00351526
-0.00266773
-0.0014064
-0.000320441
-0.00312982
-0.00237781
-0.00125635
-0.000289303
-0.0026746
-0.00203293
-0.00107646
-0.000251939
-0.0174233
-0.0130722
-0.00676845
-0.00145651
-0.0167722
-0.0125909
-0.00652439
-0.0014064
-0.0149057
-0.0111933
-0.00580452
-0.00125635
-0.0126956
-0.00953242
-0.00494511
-0.00107646
-0.0338456
-0.0253421
-0.0130722
-0.00276729
-0.0325671
-0.0243953
-0.0125909
-0.00266773
-0.028932
-0.0216771
-0.0111933
-0.00237781
-0.0246383
-0.0184571
-0.00953242
-0.00203293
-0.0452469
-0.0338456
-0.0174233
-0.00365088
-0.043522
-0.0325671
-0.0167722
-0.00351526
-0.038657
-0.028932
-0.0149057
-0.00312982
-0.0329242
-0.0246383
-0.0126956
-0.0026746
-0.00365088
-0.00351526
-0.00312982
-0.0026746
-0.00276729
-0.00266773
-0.00237781
-0.00203293
-0.00145651
-0.0014064
-0.00125635
-0.00107646
-0.00033081
-0.000320441
-0.000289303
-0.000251939
-0.0174233
-0.0167722
-0.0149057
-0.0126956
-0.0130722
-0.0125909
-0.0111933
-0.00953242
-0.00676845
-0.00652439
-0.00580452
-0.00494511
-0.00145651
-0.0014064
-0.00125635
-0.00107646
-0.0338456
-0.0325671
-0.028932
-0.0246383
-0.0253421
-0.0243953
-0.0216771
-0.0184571
-0.0130722
-0.0125909
-0.0111933
-0.00953242
-0.00276729
-0.00266773
-0.00237781
-0.00203293
-0.0452469
-0.043522
-0.038657
-0.0329242
-0.0338456
-0.0325671
-0.028932
-0.0246383
-0.0174233
-0.0167722
-0.0149057
-0.0126956
-0.00365088
-0.00351526
-0.00312982
-0.0026746
-0.00239296
-0.00181048
-0.000952805
-0.000220555
-0.00181048
-0.00137387
-0.000728619
-0.000176137
-0.000952804
-0.000728619
-0.000393353
-0.000103611
-0.000220555
-0.000176137
-0.000103611
-3.68552e-05
-0.0113504
-0.00850639
-0.00440137
-0.000952804
-0.00850639
-0.00638096
-0.00331026
-0.000728619
-0.00440137
-0.00331026
-0.00172787
-0.000393353
-0.000952804
-0.000728619
-0.000393353
-0.000103611
-0.0220496
-0.0164969
-0.00850639
-0.00181048
-0.0164969
-0.0123516
-0.00638096
-0.00137387
-0.00850639
-0.00638096
-0.00331026
-0.000728619
-0.00181048
-0.00137387
-0.000728619
-0.000176136
-0.0294929
-0.0220496
-0.0113504
-0.00239296
-0.0220496
-0.0164969
-0.00850639
-0.00181048
-0.0113504
-0.00850639
-0.00440137
-0.000952804
-0.00239296
-0.00181048
-0.000952804
-0.000220555
-0.0769351
-0.0739454
-0.0656816
-0.0560038
-0.0739454
-0.0710633
-0.0631202
-0.0538263
-0.0656816
-0.0631202
-0.0560612
-0.0478019
-0.0560038
-0.0538263
-0.0478019
-0.0407446
-0.0902031
-0.0866874
-0.0770062
-0.0656816
-0.0866874
-0.0832979
-0.0739935
-0.0631202
-0.0770062
-0.0739935
-0.0657243
-0.0560612
-0.0656816
-0.0631202
-0.0560612
-0.0478019
-0.101535
-0.09758
-0.0866874
-0.0739454
-0.09758
-0.0937669
-0.0832979
-0.0710633
-0.0866874
-0.0832979
-0.0739935
-0.0631202
-0.0739454
-0.0710633
-0.0631202
-0.0538263
-0.105638
-0.101535
-0.0902031
-0.0769351
-0.101535
-0.09758
-0.0866874
-0.0739454
-0.0902031
-0.0866874
-0.0770062
-0.0656816
-0.0769351
-0.0739454
-0.0656816
-0.0560038
-0.0504136
-0.0377385
-0.0194305
-0.00404149
-0.048478
-0.0363041
-0.0186995
-0.00388745
-0.0430606
-0.0322553
-0.016621
-0.00346073
-0.0366917
-0.0274833
-0.0141661
-0.00296065
-0.0591435
-0.0442748
-0.0227901
-0.00472492
-0.0568668
-0.0425872
-0.0219296
-0.00454323
-0.0505172
-0.0378418
-0.019494
-0.00404413
-0.0430606
-0.0322553
-0.016621
-0.00346073
-0.0665736
-0.0498256
-0.025638
-0.00530902
-0.064011
-0.0479256
-0.0246689
-0.00510448
-0.0568668
-0.0425872
-0.0219296
-0.00454323
-0.048478
-0.0363041
-0.0186995
-0.00388745
-0.0692333
-0.051798
-0.0266441
-0.00552096
-0.0665736
-0.0498256
-0.025638
-0.00530902
-0.0591435
-0.0442748
-0.0227901
-0.00472492
-0.0504136
-0.0377385
-0.0194305
-0.00404149
-0.0504136
-0.048478
-0.0430606
-0.0366917
-0.0377385
-0.0363041
-0.0322553
-0.0274833
-0.0194305
-0.0186995
-0.016621
-0.0141661
-0.00404149
-0.00388745
-0.00346073
-0.00296065
-0.0591435
-0.0568668
-0.0505172
-0.0430606
-0.0442748
-0.0425872
-0.0378418
-0.0322553
-0.0227901
-0.0219296
-0.019494
-0.016621
-0.00472492
-0.00454323
-0.00404413
-0.00346073
-0.0665736
-0.064011
-0.0568668
-0.048478
-0.0498256
-0.0479256
-0.0425872
-0.0363041
-0.025638
-0.0246689
-0.0219296
-0.0186995
-0.00530902
-0.00510448
-0.00454323
-0.00388745
-0.0692333
-0.0665736
-0.0591435
-0.0504136
-0.051798
-0.0498256
-0.0442748
-0.0377385
-0.0266441
-0.025638
-0.0227901
-0.0194305
-0.00552096
-0.00530902
-0.00472492
-0.00404149
-0.0329242
-0.0246383
-0.0126956
-0.0026746
-0.0246383
-0.0184571
-0.00953242
-0.00203293
-0.0126956
-0.00953242
-0.00494511
-0.00107646
-0.0026746
-0.00203293
-0.00107646
-0.000251939
-0.038657
-0.028932
-0.0149057
-0.00312982
-0.028932
-0.0216771
-0.0111933
-0.00237781
-0.0149057
-0.0111933
-0.00580452
-0.00125635
-0.00312982
-0.00237781
-0.00125635
-0.000289302
-0.043522
-0.0325671
-0.0167722
-0.00351526
-0.0325671
-0.0243953
-0.0125909
-0.00266773
-0.0167722
-0.0125909
-0.00652439
-0.0014064
-0.00351526
-0.00266773
-0.0014064
-0.000320441
-0.0452469
-0.0338456
-0.0174233
-0.00365088
-0.0338456
-0.0253421
-0.0130722
-0.00276729
-0.0174233
-0.0130722
-0.00676845
-0.00145651
-0.00365088
-0.00276729
-0.00145651
-0.000330809
0.000330809
0.00145651
0.00276729
0.00365088
0.00032044
0.0014064
0.00266773
0.00351526
0.000289302
0.00125635
0.00237781
0.00312982
0.000251938
0.00107646
0.00203293
0.00267459
0.00145651
0.00676845
0.0130722
0.0174233
0.0014064
0.00652438
0.0125909
0.0167722
0.00125635
0.00580452
0.0111933
0.0149057
0.00107646
0.00494511
0.00953242
0.0126956
0.00276729
0.0130722
0.0253421
0.0338456
0.00266773
0.0125909
0.0243953
0.0325671
0.00237781
0.0111933
0.0216771
0.028932
0.00203293
0.00953242
0.0184571
0.0246383
0.00365088
0.0174233
0.0338456
0.0452469
0.00351526
0.0167722
0.0325671
0.043522
0.00312982
0.0149057
0.028932
0.038657
0.00267459
0.0126956
0.0246383
0.0329242
0.00404149
0.00472492
0.00530902
0.00552096
0.00388745
0.00454323
0.00510448
0.00530902
0.00346073
0.00404413
0.00454323
0.00472492
0.00296065
0.00346073
0.00388745
0.00404149
0.0194305
0.0227901
0.025638
0.0266441
0.0186995
0.0219296
0.0246689
0.025638
0.016621
0.019494
0.0219296
0.0227901
0.0141661
0.016621
0.0186995
0.0194305
0.0377385
0.0442748
0.0498256
0.051798
0.0363041
0.0425872
0.0479256
0.0498256
0.0322553
0.0378418
0.0425872
0.0442748
0.0274833
0.0322553
0.0363041
0.0377385
0.0504136
0.0591435
0.0665736
0.0692333
0.048478
0.0568668
0.064011
0.0665736
0.0430606
0.0505172
0.0568668
0.0591435
0.0366917
0.0430606
0.048478
0.0504136
0.000220554
0.000952804
0.00181048
0.00239296
0.000176136
0.000728618
0.00137387
0.00181048
0.00010361
0.000393352
0.000728618
0.000952804
3.68546e-05
0.00010361
0.000176136
0.000220555
0.000952804
0.00440137
0.00850639
0.0113504
0.000728618
0.00331026
0.00638096
0.00850639
0.000393352
0.00172787
0.00331026
0.00440137
0.00010361
0.000393353
0.000728619
0.000952804
0.00181048
0.00850639
0.0164969
0.0220496
0.00137387
0.00638096
0.0123516
0.0164969
0.000728618
0.00331026
0.00638096
0.00850639
0.000176136
0.000728619
0.00137387
0.00181048
0.00239296
0.0113504
0.0220496
0.0294929
0.00181048
0.00850639
0.0164969
0.0220496
0.000952804
0.00440137
0.00850639
0.0113504
0.000220555
0.000952804
0.00181048
0.00239296
0.00267459
0.00312982
0.00351526
0.00365088
0.00203293
0.00237781
0.00266773
0.00276729
0.00107646
0.00125635
0.0014064
0.00145651
0.000251939
0.000289302
0.000320441
0.000330809
0.0126956
0.0149057
0.0167722
0.0174233
0.00953242
0.0111933
0.0125909
0.0130722
0.00494511
0.00580452
0.00652439
0.00676845
0.00107646
0.00125635
0.0014064
0.00145651
0.0246383
0.028932
0.0325671
0.0338456
0.0184571
0.0216771
0.0243953
0.0253421
0.00953242
0.0111933
0.0125909
0.0130722
0.00203293
0.00237781
0.00266773
0.00276729
0.0329242
0.038657
0.043522
0.0452469
0.0246383
0.028932
0.0325671
0.0338456
0.0126956
0.0149057
0.0167722
0.0174233
0.0026746
0.00312982
0.00351526
0.00365088
0.00404149
0.0194305
0.0377385
0.0504136
0.00388745
0.0186995
0.0363041
0.048478
0.00346073
0.016621
0.0322553
0.0430606
0.00296065
0.0141661
0.0274833
0.0366917
0.00472492
0.0227901
0.0442748
0.0591435
0.00454323
0.0219296
0.0425872
0.0568668
0.00404413
0.019494
0.0378418
0.0505172
0.00346073
0.016621
0.0322553
0.0430606
0.00530902
0.025638
0.0498256
0.0665736
0.00510448
0.0246689
0.0479256
0.064011
0.00454323
0.0219296
0.0425872
0.0568668
0.00388745
0.0186995
0.0363041
0.048478
0.00552096
0.0266441
0.051798
0.0692333
0.00530902
0.025638
0.0498256
0.0665736
0.00472492
0.0227901
0.0442748
0.0591435
0.00404149
0.0194305
0.0377385
0.0504136
0.0560038
0.0656816
0.0739454
0.0769351
0.0538263
0.0631202
0.0710633
0.0739454
0.0478019
0.0560612
0.0631202
0.0656816
0.0407446
0.0478019
0.0538263
0.0560038
0.0656816
0.0770062
0.0866874
0.0902031
0.0631202
0.0739935
0.0832979
0.0866874
0.0560612
0.0657243
0.0739935
0.0770062
0.0478019
0.0560612
0.0631202
0.0656816
0.0739454
0.0866874
0.09758
0.101535
0.0710633
0.0832979
0.0937669
0.09758
0.0631202
0.0739935
0.0832979
0.0866874
0.0538263
0.0631202
0.0710633
0.0739454
0.0769351
0.0902031
0.101535
0.105638
0.0739454
0.0866874
0.09758
0.101535
0.0656816
0.0770062
0.0866874
0.0902031
0.0560038
0.0656816
0.0739454
0.0769351
0.00267459
0.0126956
0.0246383
0.0329242
0.00203293
0.00953242
0.0184571
0.0246383
0.00107646
0.00494511
0.00953242
0.0126956
0.000251939
0.00107646
0.00203293
0.0026746
0.00312982
0.0149057
0.028932
0.038657
0.00237781
0.0111933
0.0216771
0.028932
0.00125635
0.00580452
0.0111933
0.0149057
0.000289302
0.00125635
0.00237781
0.00312982
0.00351526
0.0167722
0.0325671
0.043522
0.00266773
0.0125909
0.0243953
0.0325671
0.0014064
0.00652439
0.0125909
0.0167722
0.000320441
0.0014064
0.00266773
0.00351526
0.00365088
0.0174233
0.0338456
0.0452469
0.00276729
0.0130722
0.0253421
0.0338456
0.00145651
0.00676845
0.0130722
0.0174233
0.000330809
0.00145651
0.00276729
0.00365088
0.0366917
0.0430606
0.048478
0.0504136
0.0274833
0.0322553
0.0363041
0.0377385
0.0141661
0.016621
0.0186995
0.0194305
0.00296065
0.00346073
0.00388745
0.00404149
0.0430606
0.0505172
0.0568668
0.0591435
0.0322553
0.0378418
0.0425872
0.0442748
0.016621
0.019494
0.0219296
0.0227901
0.00346073
0.00404413
0.00454324
0.00472492
0.048478
0.0568668
0.064011
0.0665736
0.0363041
0.0425872
0.0479256
0.0498256
0.0186995
0.0219296
0.0246689
0.025638
0.00388745
0.00454324
0.00510448
0.00530902
0.0504136
0.0591435
0.0665736
0.0692333
0.0377385
0.0442748
0.0498256
0.051798
0.0194305
0.0227901
0.025638
0.0266441
0.00404149
0.00472492
0.00530902
0.00552096
0.000330809
0.00032044
0.000289302
0.000251938
0.00145651
0.0014064
0.00125635
0.00107646
0.00276729
0.00266773
0.00237781
0.00203293
0.00365088
0.00351526
0.00312982
0.00267459
0.00145651
0.0014064
0.00125635
0.00107646
0.00676845
0.00652438
0.00580452
0.00494511
0.0130722
0.0125909
0.0111933
0.00953242
0.0174233
0.0167722
0.0149057
0.0126956
0.00276729
0.00266773
0.00237781
0.00203293
0.0130722
0.0125909
0.0111933
0.00953242
0.0253421
0.0243953
0.0216771
0.0184571
0.0338456
0.0325671
0.028932
0.0246383
0.00365088
0.00351526
0.00312982
0.00267459
0.0174233
0.0167722
0.0149057
0.0126956
0.0338456
0.0325671
0.028932
0.0246383
0.0452469
0.043522
0.038657
0.0329242
0.000220554
0.000176136
0.00010361
3.68546e-05
0.000952804
0.000728618
0.000393352
0.00010361
0.00181048
0.00137387
0.000728618
0.000176136
0.00239296
0.00181048
0.000952804
0.000220555
0.000952804
0.000728618
0.000393352
0.00010361
0.00440137
0.00331026
0.00172787
0.000393353
0.00850639
0.00638096
0.00331026
0.000728619
0.0113504
0.00850639
0.00440137
0.000952804
0.00181048
0.00137387
0.000728618
0.000176136
0.00850639
0.00638096
0.00331026
0.000728619
0.0164969
0.0123516
0.00638096
0.00137387
0.0220496
0.0164969
0.00850639
0.00181048
0.00239296
0.00181048
0.000952804
0.000220555
0.0113504
0.00850639
0.00440137
0.000952804
0.0220496
0.0164969
0.00850639
0.00181048
0.0294929
0.0220496
0.0113504
0.00239296
0.00404149
0.00388745
0.00346073
0.00296065
0.00472492
0.00454323
0.00404413
0.00346073
0.00530902
0.00510448
0.00454323
0.00388745
0.00552096
0.00530902
0.00472492
0.00404149
0.0194305
0.0186995
0.016621
0.0141661
0.0227901
0.0219296
0.019494
0.016621
0.025638
0.0246689
0.0219296
0.0186995
0.0266441
0.025638
0.0227901
0.0194305
0.0377385
0.0363041
0.0322553
0.0274833
0.0442748
0.0425872
0.0378418
0.0322553
0.0498256
0.0479256
0.0425872
0.0363041
0.051798
0.0498256
0.0442748
0.0377385
0.0504136
0.048478
0.0430606
0.0366917
0.0591435
0.0568668
0.0505172
0.0430606
0.0665736
0.064011
0.0568668
0.048478
0.0692333
0.0665736
0.0591435
0.0504136
0.00267459
0.00203293
0.00107646
0.000251939
0.00312982
0.00237781
0.00125635
0.000289302
0.00351526
0.00266773
0.0014064
0.000320441
0.00365088
0.00276729
0.00145651
0.000330809
0.0126956
0.00953242
0.00494511
0.00107646
0.0149057
0.0111933
0.00580452
0.00125635
0.0167722
0.0125909
0.00652439
0.0014064
0.0174233
0.0130722
0.00676845
0.00145651
0.0246383
0.0184571
0.00953242
0.00203293
0.028932
0.0216771
0.0111933
0.00237781
0.0325671
0.0243953
0.0125909
0.00266773
0.0338456
0.0253421
0.0130722
0.00276729
0.0329242
0.0246383
0.0126956
0.0026746
0.038657
0.028932
0.0149057
0.00312982
0.043522
0.0325671
0.0167722
0.00351526
0.0452469
0.0338456
0.0174233
0.00365088
0.00404149
0.00388745
0.00346073
0.00296065
0.0194305
0.0186995
0.016621
0.0141661
0.0377385
0.0363041
0.0322553
0.0274833
0.0504136
0.048478
0.0430606
0.0366917
0.00472492
0.00454323
0.00404413
0.00346073
0.0227901
0.0219296
0.019494
0.016621
0.0442748
0.0425872
0.0378418
0.0322553
0.0591435
0.0568668
0.0505172
0.0430606
0.00530902
0.00510448
0.00454323
0.00388745
0.025638
0.0246689
0.0219296
0.0186995
0.0498256
0.0479256
0.0425872
0.0363041
0.0665736
0.064011
0.0568668
0.048478
0.00552096
0.00530902
0.00472492
0.00404149
0.0266441
0.025638
0.0227901
0.0194305
0.051798
0.0498256
0.0442748
0.0377385
0.0692333
0.0665736
0.0591435
0.0504136
0.00267459
0.00203293
0.00107646
0.000251939
0.0126956
0.00953242
0.00494511
0.00107646
0.0246383
0.0184571
0.00953242
0.00203293
0.0329242
0.0246383
0.0126956
0.0026746
0.00312982
0.00237781
0.00125635
0.000289302
0.0149057
0.0111933
0.00580452
0.00125635
0.028932
0.0216771
0.0111933
0.00237781
0.038657
0.028932
0.0149057
0.00312982
0.00351526
0.00266773
0.0014064
0.000320441
0.0167722
0.0125909
0.00652439
0.0014064
0.0325671
0.0243953
0.0125909
0.00266773
0.043522
0.0325671
0.0167722
0.00351526
0.00365088
0.00276729
0.00145651
0.000330809
0.0174233
0.0130722
0.00676845
0.00145651
0.0338456
0.0253421
0.0130722
0.00276729
0.0452469
0.0338456
0.0174233
0.00365088
0.0560038
0.0538263
0.0478019
0.0407446
0.0656816
0.0631202
0.0560612
0.0478019
0.0739454
0.0710633
0.0631202
0.0538263
0.0769351
0.0739454
0.0656816
0.0560038
0.0656816
0.0631202
0.0560612
0.0478019
0.0770062
0.0739935
0.0657243
0.0560612
0.0866874
0.0832979
0.0739935
0.0631202
0.0902031
0.0866874
0.0770062
0.0656816
0.0739454
0.0710633
0.0631202
0.0538263
0.0866874
0.0832979
0.0739935
0.0631202
0.09758
0.0937669
0.0832979
0.0710633
0.101535
0.09758
0.0866874
0.0739454
0.0769351
0.0739454
0.0656816
0.0560038
0.0902031
0.0866874
0.0770062
0.0656816
0.101535
0.09758
0.0866874
0.0739454
0.105638
0.101535
0.0902031
0.0769351
0.0366917
0.0274833
0.0141661
0.00296065
0.0430606
0.0322553
0.016621
0.00346073
0.048478
0.0363041
0.0186995
0.00388745
0.0504136
0.0377385
0.0194305
0.00404149
0.0430606
0.0322553
0.016621
0.00346073
0.0505172
0.0378418
0.019494
0.00404413
0.0568668
0.0425872
0.0219296
0.00454324
0.0591435
0.0442748
0.0227901
0.00472492
0.048478
0.0363041
0.0186995
0.00388745
0.0568668
0.0425872
0.0219296
0.00454324
0.064011
0.0479256
0.0246689
0.00510448
0.0665736
0.0498256
0.025638
0.00530902
0.0504136
0.0377385
0.0194305
0.00404149
0.0591435
0.0442748
0.0227901
0.00472492
0.0665736
0.0498256
0.025638
0.00530902
0.0692333
0.051798
0.0266441
0.00552096
-3.68551e-05
-0.000103611
-0.000176136
-0.000220555
-0.000103611
-0.000393353
-0.000728619
-0.000952804
-0.000176136
-0.000728619
-0.00137387
-0.00181048
-0.000220555
-0.000952804
-0.00181048
-0.00239296
-0.000103611
-0.000393353
-0.000728619
-0.000952804
-0.000393353
-0.00172787
-0.00331026
-0.00440137
-0.000728619
-0.00331026
-0.00638096
-0.00850639
-0.000952804
-0.00440137
-0.00850639
-0.0113504
-0.000176136
-0.000728619
-0.00137387
-0.00181048
-0.000728619
-0.00331026
-0.00638096
-0.00850639
-0.00137387
-0.00638096
-0.0123516
-0.0164969
-0.00181048
-0.00850639
-0.0164969
-0.0220496
-0.000220555
-0.000952804
-0.00181048
-0.00239296
-0.000952804
-0.00440137
-0.00850639
-0.0113504
-0.00181048
-0.00850639
-0.0164969
-0.0220496
-0.00239296
-0.0113504
-0.0220496
-0.0294929
-0.000251939
-0.000289302
-0.000320441
-0.000330809
-0.00107646
-0.00125635
-0.0014064
-0.00145651
-0.00203293
-0.00237781
-0.00266773
-0.00276729
-0.00267459
-0.00312982
-0.00351526
-0.00365088
-0.00107646
-0.00125635
-0.0014064
-0.00145651
-0.00494511
-0.00580452
-0.00652438
-0.00676845
-0.00953242
-0.0111933
-0.0125909
-0.0130722
-0.0126956
-0.0149057
-0.0167722
-0.0174233
-0.00203293
-0.00237781
-0.00266773
-0.00276729
-0.00953242
-0.0111933
-0.0125909
-0.0130722
-0.0184571
-0.0216771
-0.0243953
-0.0253421
-0.0246383
-0.028932
-0.0325671
-0.0338456
-0.00267459
-0.00312982
-0.00351526
-0.00365088
-0.0126956
-0.0149057
-0.0167722
-0.0174233
-0.0246383
-0.028932
-0.0325671
-0.0338456
-0.0329242
-0.038657
-0.043522
-0.0452469
-0.000251939
-0.00107646
-0.00203293
-0.00267459
-0.000289302
-0.00125635
-0.00237781
-0.00312982
-0.000320441
-0.0014064
-0.00266773
-0.00351526
-0.000330809
-0.00145651
-0.00276729
-0.00365088
-0.00107646
-0.00494511
-0.00953242
-0.0126956
-0.00125635
-0.00580452
-0.0111933
-0.0149057
-0.0014064
-0.00652438
-0.0125909
-0.0167722
-0.00145651
-0.00676845
-0.0130722
-0.0174233
-0.00203293
-0.00953242
-0.0184571
-0.0246383
-0.00237781
-0.0111933
-0.0216771
-0.028932
-0.00266773
-0.0125909
-0.0243953
-0.0325671
-0.00276729
-0.0130722
-0.0253421
-0.0338456
-0.00267459
-0.0126956
-0.0246383
-0.0329242
-0.00312982
-0.0149057
-0.028932
-0.038657
-0.00351526
-0.0167722
-0.0325671
-0.043522
-0.00365088
-0.0174233
-0.0338456
-0.0452469
-0.00296065
-0.00346073
-0.00388745
-0.00404149
-0.00346073
-0.00404413
-0.00454323
-0.00472492
-0.00388745
-0.00454323
-0.00510448
-0.00530902
-0.00404149
-0.00472492
-0.00530902
-0.00552096
-0.0141661
-0.016621
-0.0186995
-0.0194305
-0.016621
-0.019494
-0.0219296
-0.0227901
-0.0186995
-0.0219296
-0.0246689
-0.025638
-0.0194305
-0.0227901
-0.025638
-0.0266441
-0.0274833
-0.0322553
-0.0363041
-0.0377385
-0.0322553
-0.0378418
-0.0425872
-0.0442748
-0.0363041
-0.0425872
-0.0479256
-0.0498256
-0.0377385
-0.0442748
-0.0498256
-0.051798
-0.0366917
-0.0430606
-0.048478
-0.0504136
-0.0430606
-0.0505172
-0.0568668
-0.0591435
-0.048478
-0.0568668
-0.064011
-0.0665736
-0.0504136
-0.0591435
-0.0665736
-0.0692333
-0.000251939
-0.00107646
-0.00203293
-0.00267459
-0.00107646
-0.00494511
-0.00953242
-0.0126956
-0.00203293
-0.00953242
-0.0184571
-0.0246383
-0.00267459
-0.0126956
-0.0246383
-0.0329242
-0.000289302
-0.00125635
-0.00237781
-0.00312982
-0.00125635
-0.00580452
-0.0111933
-0.0149057
-0.00237781
-0.0111933
-0.0216771
-0.028932
-0.00312982
-0.0149057
-0.028932
-0.038657
-0.000320441
-0.0014064
-0.00266773
-0.00351526
-0.0014064
-0.00652438
-0.0125909
-0.0167722
-0.00266773
-0.0125909
-0.0243953
-0.0325671
-0.00351526
-0.0167722
-0.0325671
-0.043522
-0.000330809
-0.00145651
-0.00276729
-0.00365088
-0.00145651
-0.00676845
-0.0130722
-0.0174233
-0.00276729
-0.0130722
-0.0253421
-0.0338456
-0.00365088
-0.0174233
-0.0338456
-0.0452469
-0.00296065
-0.00346073
-0.00388745
-0.00404149
-0.0141661
-0.016621
-0.0186995
-0.0194305
-0.0274833
-0.0322553
-0.0363041
-0.0377385
-0.0366917
-0.0430606
-0.048478
-0.0504136
-0.00346073
-0.00404413
-0.00454323
-0.00472492
-0.016621
-0.019494
-0.0219296
-0.0227901
-0.0322553
-0.0378418
-0.0425872
-0.0442748
-0.0430606
-0.0505172
-0.0568668
-0.0591435
-0.00388745
-0.00454323
-0.00510448
-0.00530902
-0.0186995
-0.0219296
-0.0246689
-0.025638
-0.0363041
-0.0425872
-0.0479256
-0.0498256
-0.048478
-0.0568668
-0.064011
-0.0665736
-0.00404149
-0.00472492
-0.00530902
-0.00552096
-0.0194305
-0.0227901
-0.025638
-0.0266441
-0.0377385
-0.0442748
-0.0498256
-0.051798
-0.0504136
-0.0591435
-0.0665736
-0.0692333
-0.00296065
-0.0141661
-0.0274833
-0.0366917
-0.00346073
-0.016621
-0.0322553
-0.0430606
-0.00388745
-0.0186995
-0.0363041
-0.048478
-0.00404149
-0.0194305
-0.0377385
-0.0504136
-0.00346073
-0.016621
-0.0322553
-0.0430606
-0.00404413
-0.019494
-0.0378418
-0.0505172
-0.00454323
-0.0219296
-0.0425872
-0.0568668
-0.00472492
-0.0227901
-0.0442748
-0.0591435
-0.00388745
-0.0186995
-0.0363041
-0.048478
-0.00454323
-0.0219296
-0.0425872
-0.0568668
-0.00510448
-0.0246689
-0.0479256
-0.064011
-0.00530902
-0.025638
-0.0498256
-0.0665736
-0.00404149
-0.0194305
-0.0377385
-0.0504136
-0.00472492
-0.0227901
-0.0442748
-0.0591435
-0.00530902
-0.025638
-0.0498256
-0.0665736
-0.00552096
-0.0266441
-0.051798
-0.0692333
-0.0407446
-0.0478019
-0.0538263
-0.0560038
-0.0478019
-0.0560612
-0.0631202
-0.0656816
-0.0538263
-0.0631202
-0.0710633
-0.0739454
-0.0560038
-0.0656816
-0.0739454
-0.0769351
-0.0478019
-0.0560612
-0.0631202
-0.0656816
-0.0560612
-0.0657243
-0.0739935
-0.0770062
-0.0631202
-0.0739935
-0.0832979
-0.0866874
-0.0656816
-0.0770062
-0.0866874
-0.0902031
-0.0538263
-0.0631202
-0.0710633
-0.0739454
-0.0631202
-0.0739935
-0.0832979
-0.0866874
-0.0710633
-0.0832979
-0.0937669
-0.09758
-0.0739454
-0.0866874
-0.09758
-0.101535
-0.0560038
-0.0656816
-0.0739454
-0.0769351
-0.0656816
-0.0770062
-0.0866874
-0.0902031
-0.0739454
-0.0866874
-0.09758
-0.101535
-0.0769351
-0.0902031
-0.101535
-0.105638
