0.017358 0.017358 -0.00146719
0.0825024 0.017358 -0.000371719
0.167498 0.017358 0.000550905
0.232642 0.017358 0.000869715
0.017358 0.0825024 -0.000371719
0.0825024 0.0825024 0.00117445
0.167498 0.0825024 0.00370415
0.232642 0.0825024 0.00603575
0.017358 0.167498 0.000550905
0.0825024 0.167498 0.00370415
0.167498 0.167498 0.0100998
0.232642 0.167498 0.0167504
0.017358 0.232642 0.000869715
0.0825024 0.232642 0.00603575
0.167498 0.232642 0.0167504
0.232642 0.232642 0.0280087
0.267358 0.017358 0.000872972
0.332502 0.017358 0.00088303
0.417498 0.017358 0.000560693
0.482642 0.017358 5.65261e-05
0.267358 0.0825024 0.00676082
0.332502 0.0825024 0.00796333
0.417498 0.0825024 0.00876542
0.482642 0.0825024 0.00879242
0.267358 0.167498 0.0194781
0.332502 0.167498 0.0237287
0.417498 0.167498 0.0269648
0.482642 0.167498 0.0276748
0.267358 0.232642 0.0330844
0.332502 0.232642 0.040815
0.417498 0.232642 0.0466578
0.482642 0.232642 0.0478836
0.017358 0.267358 0.000872972
0.0825024 0.267358 0.00676082
0.167498 0.267358 0.0194781
0.232642 0.267358 0.0330844
0.017358 0.332502 0.00088303
0.0825024 0.332502 0.00796333
0.167498 0.332502 0.0237287
0.232642 0.332502 0.040815
0.017358 0.417498 0.000560693
0.0825024 0.417498 0.00876542
0.167498 0.417498 0.0269648
0.232642 0.417498 0.0466578
0.017358 0.482642 5.65262e-05
0.0825024 0.482642 0.00879242
0.167498 0.482642 0.0276748
0.232642 0.482642 0.0478836
0.267358 0.267358 0.0398848
0.332502 0.267358 0.0492758
0.417498 0.267358 0.0562946
0.482642 0.267358 0.0576627
0.267358 0.332502 0.0492758
0.332502 0.332502 0.060868
0.417498 0.332502 0.0693981
0.482642 0.332502 0.0708817
0.267358 0.417498 0.0562946
0.332502 0.417498 0.0693981
0.417498 0.417498 0.0789303
0.482642 0.417498 0.0804388
0.267358 0.482642 0.0576627
0.332502 0.482642 0.0708817
0.417498 0.482642 0.0804388
0.482642 0.482642 0.0818699
0.517358 0.017358 5.65261e-05
0.582502 0.017358 0.000560693
0.667498 0.017358 0.00088303
0.732642 0.017358 0.000872972
0.517358 0.0825024 0.00879242
0.582502 0.0825024 0.00876542
0.667498 0.0825024 0.00796333
0.732642 0.0825024 0.00676082
0.517358 0.167498 0.0276748
0.582502 0.167498 0.0269648
0.667498 0.167498 0.0237287
0.732642 0.167498 0.0194781
0.517358 0.232642 0.0478836
0.582502 0.232642 0.0466578
0.667498 0.232642 0.040815
0.732642 0.232642 0.0330844
0.767358 0.017358 0.000869715
0.832502 0.017358 0.000550905
0.917498 0.017358 -0.000371718
0.982642 0.017358 -0.00146719
0.767358 0.0825024 0.00603575
0.832502 0.0825024 0.00370416
0.917498 0.0825024 0.00117445
0.982642 0.0825024 -0.000371718
0.767358 0.167498 0.0167504
0.832502 0.167498 0.0100998
0.917498 0.167498 0.00370416
0.982642 0.167498 0.000550905
0.767358 0.232642 0.0280087
0.832502 0.232642 0.0167504
0.917498 0.232642 0.00603575
0.982642 0.232642 0.000869715
0.517358 0.267358 0.0576627
0.582502 0.267358 0.0562946
0.667498 0.267358 0.0492758
0.732642 0.267358 0.0398848
0.517358 0.332502 0.0708817
0.582502 0.332502 0.0693981
0.667498 0.332502 0.060868
0.732642 0.332502 0.0492758
0.517358 0.417498 0.0804388
0.582502 0.417498 0.0789303
0.667498 0.417498 0.0693981
0.732642 0.417498 0.0562946
0.517358 0.482642 0.0818699
0.582502 0.482642 0.0804388
0.667498 0.482642 0.0708817
0.732642 0.482642 0.0576627
0.767358 0.267358 0.0330844
0.832502 0.267358 0.0194781
0.917498 0.267358 0.00676082
0.982642 0.267358 0.000872973
0.767358 0.332502 0.040815
0.832502 0.332502 0.0237287
0.917498 0.332502 0.00796333
0.982642 0.332502 0.000883031
0.767358 0.417498 0.0466578
0.832502 0.417498 0.0269648
0.917498 0.417498 0.00876542
0.982642 0.417498 0.000560693
0.767358 0.482642 0.0478836
0.832502 0.482642 0.0276748
0.917498 0.482642 0.00879242
0.982642 0.482642 5.65266e-05
0.017358 0.517358 5.65262e-05
0.0825024 0.517358 0.00879242
0.167498 0.517358 0.0276748
0.232642 0.517358 0.0478836
0.017358 0.582502 0.000560693
0.0825024 0.582502 0.00876542
0.167498 0.582502 0.0269648
0.232642 0.582502 0.0466578
0.017358 0.667498 0.00088303
0.0825024 0.667498 0.00796333
0.167498 0.667498 0.0237287
0.232642 0.667498 0.040815
0.017358 0.732642 0.000872972
0.0825024 0.732642 0.00676082
0.167498 0.732642 0.0194781
0.232642 0.732642 0.0330844
0.267358 0.517358 0.0576627
0.332502 0.517358 0.0708817
0.417498 0.517358 0.0804388
0.482642 0.517358 0.0818699
0.267358 0.582502 0.0562946
0.332502 0.582502 0.0693981
0.417498 0.582502 0.0789303
0.482642 0.582502 0.0804388
0.267358 0.667498 0.0492758
0.332502 0.667498 0.060868
0.417498 0.667498 0.0693981
0.482642 0.667498 0.0708817
0.267358 0.732642 0.0398848
0.332502 0.732642 0.0492758
0.417498 0.732642 0.0562946
0.482642 0.732642 0.0576627
0.017358 0.767358 0.000869715
0.0825024 0.767358 0.00603575
0.167498 0.767358 0.0167504
0.232642 0.767358 0.0280087
0.017358 0.832502 0.000550905
0.0825024 0.832502 0.00370416
0.167498 0.832502 0.0100998
0.232642 0.832502 0.0167504
0.017358 0.917498 -0.000371718
0.0825024 0.917498 0.00117445
0.167498 0.917498 0.00370416
0.232642 0.917498 0.00603575
0.017358 0.982642 -0.00146719
0.0825024 0.982642 -0.000371718
0.167498 0.982642 0.000550906
0.232642 0.982642 0.000869715
0.267358 0.767358 0.0330844
0.332502 0.767358 0.040815
0.417498 0.767358 0.0466578
0.482642 0.767358 0.0478836
0.267358 0.832502 0.0194781
0.332502 0.832502 0.0237287
0.417498 0.832502 0.0269648
0.482642 0.832502 0.0276748
0.267358 0.917498 0.00676082
0.332502 0.917498 0.00796333
0.417498 0.917498 0.00876542
0.482642 0.917498 0.00879242
0.267358 0.982642 0.000872973
0.332502 0.982642 0.000883031
0.417498 0.982642 0.000560694
0.482642 0.982642 5.65268e-05
0.517358 0.517358 0.0818699
0.582502 0.517358 0.0804388
0.667498 0.517358 0.0708817
0.732642 0.517358 0.0576627
0.517358 0.582502 0.0804388
0.582502 0.582502 0.0789303
0.667498 0.582502 0.0693981
0.732642 0.582502 0.0562946
0.517358 0.667498 0.0708817
0.582502 0.667498 0.0693981
0.667498 0.667498 0.060868
0.732642 0.667498 0.0492758
0.517358 0.732642 0.0576627
0.582502 0.732642 0.0562946
0.667498 0.732642 0.0492758
0.732642 0.732642 0.0398848
0.767358 0.517358 0.0478836
0.832502 0.517358 0.0276748
0.917498 0.517358 0.00879242
0.982642 0.517358 5.65266e-05
0.767358 0.582502 0.0466578
0.832502 0.582502 0.0269648
0.917498 0.582502 0.00876542
0.982642 0.582502 0.000560694
0.767358 0.667498 0.040815
0.832502 0.667498 0.0237287
0.917498 0.667498 0.00796333
0.982642 0.667498 0.000883031
0.767358 0.732642 0.0330844
0.832502 0.732642 0.0194781
0.917498 0.732642 0.00676082
0.982642 0.732642 0.000872973
0.517358 0.767358 0.0478836
0.582502 0.767358 0.0466578
0.667498 0.767358 0.040815
0.732642 0.767358 0.0330844
0.517358 0.832502 0.0276748
0.582502 0.832502 0.0269648
0.667498 0.832502 0.0237287
0.732642 0.832502 0.0194781
0.517358 0.917498 0.00879242
0.582502 0.917498 0.00876542
0.667498 0.917498 0.00796333
0.732642 0.917498 0.00676082
0.517358 0.982642 5.65268e-05
0.582502 0.982642 0.000560694
0.667498 0.982642 0.000883031
0.732642 0.982642 0.000872973
0.767358 0.767358 0.0280087
0.832502 0.767358 0.0167504
0.917498 0.767358 0.00603575
0.982642 0.767358 0.000869716
0.767358 0.832502 0.0167504
0.832502 0.832502 0.0100998
0.917498 0.832502 0.00370416
0.982642 0.832502 0.000550906
0.767358 0.917498 0.00603575
0.832502 0.917498 0.00370416
0.917498 0.917498 0.00117446
0.982642 0.917498 -0.000371718
0.767358 0.982642 0.000869716
0.832502 0.982642 0.000550906
0.917498 0.982642 -0.000371718
0.982642 0.982642 -0.00146719
