0.03125 0.03125 2.95392
0.03125 0.03125 9.68375
0.03125 0.03125 6.73006
0.03125 0.03125 4.6944
0.09375 0.03125 4.50862
0.09375 0.03125 11.865
0.09375 0.03125 14.1898
0.09375 0.03125 2.7122
0.03125 0.09375 3.22928
0.03125 0.09375 18.9312
0.03125 0.09375 10.4586
0.03125 0.09375 4.65443
0.09375 0.09375 5.57844
0.09375 0.09375 10.5919
0.09375 0.09375 0.49555
0.09375 0.09375 2.38678
0.15625 0.03125 0.162709
0.15625 0.03125 10.5602
0.15625 0.03125 8.0536
0.15625 0.03125 9.99093
0.21875 0.03125 5.34593
0.21875 0.03125 19.4736
0.21875 0.03125 0.949658
0.21875 0.03125 4.03938
0.15625 0.09375 5.02742
0.15625 0.09375 5.47634
0.15625 0.09375 14.8052
0.15625 0.09375 11.1544
0.21875 0.09375 8.76132
0.21875 0.09375 1.54867
0.21875 0.09375 19.0496
0.21875 0.09375 4.43953
0.03125 0.15625 5.38545
0.03125 0.15625 4.70261
0.03125 0.15625 27.413
0.03125 0.15625 7.038
0.09375 0.15625 8.94626
0.09375 0.15625 10.8237
0.09375 0.15625 1.61902
0.09375 0.15625 3.58195
0.03125 0.21875 2.89179
0.03125 0.21875 1.73493
0.03125 0.21875 12.5959
0.03125 0.21875 9.72495
0.09375 0.21875 1.41612
0.09375 0.21875 4.42594
0.09375 0.21875 8.15043
0.09375 0.21875 15.3249
0.15625 0.15625 11.9778
0.15625 0.15625 8.86493
0.15625 0.15625 6.00085
0.15625 0.15625 1.60797
0.21875 0.15625 1.26497
0.21875 0.15625 3.61122
0.21875 0.15625 10.4595
0.21875 0.15625 7.96135
0.15625 0.21875 2.18504
0.15625 0.21875 2.44658
0.15625 0.21875 3.26189
0.15625 0.21875 1.11573
0.21875 0.21875 13.172
0.21875 0.21875 35.4917
0.21875 0.21875 6.30937
0.21875 0.21875 1.27696
0.28125 0.03125 3.82677
0.28125 0.03125 1.73467
0.28125 0.03125 40.3426
0.28125 0.03125 8.10899
0.34375 0.03125 7.45159
0.34375 0.03125 3.7847
0.34375 0.03125 17.6408
0.34375 0.03125 28.3936
0.28125 0.09375 14.3938
0.28125 0.09375 12.0872
0.28125 0.09375 7.90969
0.28125 0.09375 1.64451
0.34375 0.09375 3.92418
0.34375 0.09375 0.913984
0.34375 0.09375 6.85103
0.34375 0.09375 31.1468
0.40625 0.03125 2.15749
0.40625 0.03125 9.85923
0.40625 0.03125 35.5053
0.40625 0.03125 2.68078
0.46875 0.03125 7.11089
0.46875 0.03125 13.063
0.46875 0.03125 14.4627
0.46875 0.03125 0.436981
0.40625 0.09375 6.68706
0.40625 0.09375 11.076
0.40625 0.09375 7.54874
0.40625 0.09375 18.2569
0.46875 0.09375 4.30539
0.46875 0.09375 9.38997
0.46875 0.09375 13.499
0.46875 0.09375 8.59974
0.28125 0.15625 3.19208
0.28125 0.15625 4.45426
0.28125 0.15625 13.6354
0.28125 0.15625 11.1322
0.34375 0.15625 8.46281
0.34375 0.15625 10.517
0.34375 0.15625 1.02839
0.34375 0.15625 13.7006
0.28125 0.21875 7.488
0.28125 0.21875 4.99689
0.28125 0.21875 2.17048
0.28125 0.21875 7.50464
0.34375 0.21875 3.68071
0.34375 0.21875 9.07479
0.34375 0.21875 0.0531478
0.34375 0.21875 13.4985
0.40625 0.15625 12.4614
0.40625 0.15625 12.0591
0.40625 0.15625 4.24119
0.40625 0.15625 18.0364
0.46875 0.15625 0.938515
0.46875 0.15625 13.0882
0.46875 0.15625 4.59352
0.46875 0.15625 12.5115
0.40625 0.21875 16.9182
0.40625 0.21875 2.96485
0.40625 0.21875 18.6633
0.40625 0.21875 5.16783
0.46875 0.21875 10.0235
0.46875 0.21875 22.5949
0.46875 0.21875 43.2284
0.46875 0.21875 17.0117
0.03125 0.28125 11.5463
0.03125 0.28125 7.85688
0.03125 0.28125 9.69411
0.03125 0.28125 3.38583
0.09375 0.28125 8.23461
0.09375 0.28125 2.54348
0.09375 0.28125 6.9902
0.09375 0.28125 23.3779
0.03125 0.34375 2.42161
0.03125 0.34375 14.1738
0.03125 0.34375 21.5173
0.03125 0.34375 15.0053
0.09375 0.34375 9.01693
0.09375 0.34375 10.5526
0.09375 0.34375 22.905
0.09375 0.34375 24.0416
0.15625 0.28125 27.9398
0.15625 0.28125 18.2899
0.15625 0.28125 10.601
0.15625 0.28125 11.3688
0.21875 0.28125 6.1785
0.21875 0.28125 3.01076
0.21875 0.28125 4.07061
0.21875 0.28125 9.63555
0.15625 0.34375 7.73927
0.15625 0.34375 8.17847
0.15625 0.34375 17.0042
0.15625 0.34375 22.3391
0.21875 0.34375 18.2165
0.21875 0.34375 24.3004
0.21875 0.34375 18.1283
0.21875 0.34375 10.7271
0.03125 0.40625 15.1676
0.03125 0.40625 14.5265
0.03125 0.40625 37.6274
0.03125 0.40625 16.5013
0.09375 0.40625 14.23
0.09375 0.40625 0.115465
0.09375 0.40625 30.3542
0.09375 0.40625 9.82708
0.03125 0.46875 17.0635
0.03125 0.46875 6.32757
0.03125 0.46875 42.0231
0.03125 0.46875 14.6961
0.09375 0.46875 10.2538
0.09375 0.46875 4.44108
0.09375 0.46875 9.85408
0.09375 0.46875 8.73625
0.15625 0.40625 6.91317
0.15625 0.40625 15.7633
0.15625 0.40625 2.71353
0.15625 0.40625 16.2578
0.21875 0.40625 7.96668
0.21875 0.40625 19.9149
0.21875 0.40625 18.7056
0.21875 0.40625 12.912
0.15625 0.46875 12.2911
0.15625 0.46875 1.64173
0.15625 0.46875 20.0892
0.15625 0.46875 19.6087
0.21875 0.46875 32.2321
0.21875 0.46875 12.6595
0.21875 0.46875 4.68073
0.21875 0.46875 3.68799
0.28125 0.28125 29.609
0.28125 0.28125 13.2454
0.28125 0.28125 28.4108
0.28125 0.28125 13.0689
0.34375 0.28125 6.43077
0.34375 0.28125 15.6823
0.34375 0.28125 3.36519
0.34375 0.28125 9.31468
0.28125 0.34375 11.2051
0.28125 0.34375 6.39029
0.28125 0.34375 21.1207
0.28125 0.34375 7.70413
0.34375 0.34375 9.14678
0.34375 0.34375 5.78271
0.34375 0.34375 5.71851
0.34375 0.34375 34.1016
0.40625 0.28125 19.2083
0.40625 0.28125 0.41796
0.40625 0.28125 26.269
0.40625 0.28125 7.29727
0.46875 0.28125 9.80949
0.46875 0.28125 21.7709
0.46875 0.28125 18.2273
0.46875 0.28125 30.0403
0.40625 0.34375 10.8296
0.40625 0.34375 17.7943
0.40625 0.34375 20.6917
0.40625 0.34375 4.98651
0.46875 0.34375 18.4536
0.46875 0.34375 11.7219
0.46875 0.34375 16.1988
0.46875 0.34375 10.4613
0.28125 0.40625 11.0913
0.28125 0.40625 1.74771
0.28125 0.40625 5.03634
0.28125 0.40625 2.81021
0.34375 0.40625 4.97322
0.34375 0.40625 9.42923
0.34375 0.40625 16.0558
0.34375 0.40625 23.7936
0.28125 0.46875 18.139
0.28125 0.46875 8.02597
0.28125 0.46875 15.5849
0.28125 0.46875 12.511
0.34375 0.46875 10.1692
0.34375 0.46875 4.19631
0.34375 0.46875 27.9447
0.34375 0.46875 11.3578
0.40625 0.40625 1.70371
0.40625 0.40625 0.725264
0.40625 0.40625 2.62875
0.40625 0.40625 19.416
0.46875 0.40625 15.7692
0.46875 0.40625 11.681
0.46875 0.40625 12.0071
0.46875 0.40625 7.69506
0.40625 0.46875 13.0814
0.40625 0.46875 20.0265
0.40625 0.46875 4.59317
0.40625 0.46875 18.9587
0.46875 0.46875 7.09272
0.46875 0.46875 3.64481
0.46875 0.46875 28.3508
0.46875 0.46875 18.8061
0.53125 0.03125 7.38493
0.53125 0.03125 2.71936
0.53125 0.03125 1.39824
0.53125 0.03125 3.64456
0.59375 0.03125 1.22037
0.59375 0.03125 9.16299
0.59375 0.03125 5.46473
0.59375 0.03125 1.63124
0.53125 0.09375 8.11324
0.53125 0.09375 3.02661
0.53125 0.09375 2.5925
0.53125 0.09375 28.1262
0.59375 0.09375 11.114
0.59375 0.09375 6.52659
0.59375 0.09375 13.4167
0.59375 0.09375 9.6639
0.65625 0.03125 0.0759701
0.65625 0.03125 14.3069
0.65625 0.03125 4.03702
0.65625 0.03125 11.5965
0.71875 0.03125 3.06539
0.71875 0.03125 9.3729
0.71875 0.03125 31.5112
0.71875 0.03125 1.08123
0.65625 0.09375 3.7737
0.65625 0.09375 14.5038
0.65625 0.09375 3.48701
0.65625 0.09375 11.3889
0.71875 0.09375 11.0902
0.71875 0.09375 21.8138
0.71875 0.09375 20.6438
0.71875 0.09375 4.25405
0.53125 0.15625 23.3015
0.53125 0.15625 2.26974
0.53125 0.15625 0.334087
0.53125 0.15625 11.6931
0.59375 0.15625 18.7508
0.59375 0.15625 17.0512
0.59375 0.15625 11.2726
0.59375 0.15625 8.51196
0.53125 0.21875 12.0762
0.53125 0.21875 11.8358
0.53125 0.21875 6.592
0.53125 0.21875 27.9886
0.59375 0.21875 3.62195
0.59375 0.21875 11.2005
0.59375 0.21875 43.8595
0.59375 0.21875 18.3119
0.65625 0.15625 28.2644
0.65625 0.15625 12.4663
0.65625 0.15625 9.44686
0.65625 0.15625 18.7497
0.71875 0.15625 13.4538
0.71875 0.15625 23.2341
0.71875 0.15625 22.031
0.71875 0.15625 6.83661
0.65625 0.21875 2.40925
0.65625 0.21875 11.148
0.65625 0.21875 5.16236
0.65625 0.21875 22.3122
0.71875 0.21875 2.50211
0.71875 0.21875 44.7559
0.71875 0.21875 3.21904
0.71875 0.21875 0.582234
0.78125 0.03125 24.3929
0.78125 0.03125 13.9885
0.78125 0.03125 2.1456
0.78125 0.03125 0.729179
0.84375 0.03125 0.518957
0.84375 0.03125 33.9307
0.84375 0.03125 8.85511
0.84375 0.03125 2.071
0.78125 0.09375 19.4159
0.78125 0.09375 4.1154
0.78125 0.09375 5.29783
0.78125 0.09375 1.90865
0.84375 0.09375 0.278963
0.84375 0.09375 45.4785
0.84375 0.09375 8.26409
0.84375 0.09375 34.6163
0.90625 0.03125 0.376463
0.90625 0.03125 16.7116
0.90625 0.03125 10.5378
0.90625 0.03125 0.138158
0.96875 0.03125 17.5699
0.96875 0.03125 25.1609
0.96875 0.03125 5.96567
0.96875 0.03125 27.2459
0.90625 0.09375 11.9911
0.90625 0.09375 25.3726
0.90625 0.09375 39.8547
0.90625 0.09375 17.326
0.96875 0.09375 3.41159
0.96875 0.09375 24.5345
0.96875 0.09375 28.9507
0.96875 0.09375 9.95275
0.78125 0.15625 42.8993
0.78125 0.15625 1.12603
0.78125 0.15625 36.7248
0.78125 0.15625 1.32489
0.84375 0.15625 20.7383
0.84375 0.15625 11.0747
0.84375 0.15625 10.3796
0.84375 0.15625 15.743
0.78125 0.21875 14.893
0.78125 0.21875 3.76463
0.78125 0.21875 17.2818
0.78125 0.21875 4.80646
0.84375 0.21875 9.44006
0.84375 0.21875 9.83953
0.84375 0.21875 3.04205
0.84375 0.21875 20.4044
0.90625 0.15625 21.3204
0.90625 0.15625 10.2871
0.90625 0.15625 14.1258
0.90625 0.15625 3.89715
0.96875 0.15625 18.4079
0.96875 0.15625 19.9291
0.96875 0.15625 64.2562
0.96875 0.15625 34.8162
0.90625 0.21875 19.0128
0.90625 0.21875 15.3131
0.90625 0.21875 10.7045
0.90625 0.21875 6.28854
0.96875 0.21875 13.0536
0.96875 0.21875 17.4212
0.96875 0.21875 3.95764
0.96875 0.21875 1.65219
0.53125 0.28125 10.4939
0.53125 0.28125 8.01218
0.53125 0.28125 1.63423
0.53125 0.28125 66.7245
0.59375 0.28125 4.23305
0.59375 0.28125 22.0045
0.59375 0.28125 16.9489
0.59375 0.28125 15.5776
0.53125 0.34375 11.8426
0.53125 0.34375 11.8346
0.53125 0.34375 7.87064
0.53125 0.34375 11.2067
0.59375 0.34375 6.81146
0.59375 0.34375 19.05
0.59375 0.34375 32.5661
0.59375 0.34375 2.51543
0.65625 0.28125 27.6919
0.65625 0.28125 18.4456
0.65625 0.28125 9.44725
0.65625 0.28125 9.70103
0.71875 0.28125 1.45885
0.71875 0.28125 29.7963
0.71875 0.28125 5.08773
0.71875 0.28125 10.006
0.65625 0.34375 5.38253
0.65625 0.34375 10.3153
0.65625 0.34375 0.409214
0.65625 0.34375 4.49819
0.71875 0.34375 0.163467
0.71875 0.34375 6.18899
0.71875 0.34375 2.89006
0.71875 0.34375 10.8275
0.53125 0.40625 20.278
0.53125 0.40625 12.0862
0.53125 0.40625 6.31168
0.53125 0.40625 7.26396
0.59375 0.40625 17.9168
0.59375 0.40625 0.523935
0.59375 0.40625 1.2441
0.59375 0.40625 14.4876
0.53125 0.46875 0.685477
0.53125 0.46875 7.33276
0.53125 0.46875 1.07805
0.53125 0.46875 4.17397
0.59375 0.46875 8.13323
0.59375 0.46875 12.2203
0.59375 0.46875 0.921541
0.59375 0.46875 20.9717
0.65625 0.40625 2.4529
0.65625 0.40625 10.7644
0.65625 0.40625 1.13513
0.65625 0.40625 24.3806
0.71875 0.40625 3.26613
0.71875 0.40625 25.626
0.71875 0.40625 4.86195
0.71875 0.40625 19.0375
0.65625 0.46875 19.7196
0.65625 0.46875 8.82205
0.65625 0.46875 4.14062
0.65625 0.46875 15.8072
0.71875 0.46875 12.4229
0.71875 0.46875 4.45941
0.71875 0.46875 21.2089
0.71875 0.46875 24.7246
0.78125 0.28125 11.6961
0.78125 0.28125 16.107
0.78125 0.28125 16.9027
0.78125 0.28125 15.8101
0.84375 0.28125 1.66053
0.84375 0.28125 13.4052
0.84375 0.28125 0.71542
0.84375 0.28125 1.42125
0.78125 0.34375 28.3085
0.78125 0.34375 5.59028
0.78125 0.34375 8.69701
0.78125 0.34375 14.4479
0.84375 0.34375 8.96902
0.84375 0.34375 5.48938
0.84375 0.34375 23.0285
0.84375 0.34375 3.76407
0.90625 0.28125 5.94029
0.90625 0.28125 15.6359
0.90625 0.28125 4.6264
0.90625 0.28125 4.17628
0.96875 0.28125 14.3263
0.96875 0.28125 4.74575
0.96875 0.28125 22.5821
0.96875 0.28125 16.9818
0.90625 0.34375 0.861894
0.90625 0.34375 20.6707
0.90625 0.34375 4.8561
0.90625 0.34375 24.5167
0.96875 0.34375 7.32806
0.96875 0.34375 5.18215
0.96875 0.34375 10.2106
0.96875 0.34375 3.88505
0.78125 0.40625 0.0177084
0.78125 0.40625 1.49501
0.78125 0.40625 9.83919
0.78125 0.40625 6.06179
0.84375 0.40625 16.7409
0.84375 0.40625 2.54569
0.84375 0.40625 10.7842
0.84375 0.40625 5.00863
0.78125 0.46875 0.136777
0.78125 0.46875 6.67089
0.78125 0.46875 5.33183
0.78125 0.46875 0.303334
0.84375 0.46875 0.197528
0.84375 0.46875 7.93587
0.84375 0.46875 21.8565
0.84375 0.46875 7.8995
0.90625 0.40625 4.73125
0.90625 0.40625 7.67154
0.90625 0.40625 3.02273
0.90625 0.40625 4.88978
0.96875 0.40625 11.5265
0.96875 0.40625 13.736
0.96875 0.40625 11.2125
0.96875 0.40625 9.68442
0.90625 0.46875 17.1436
0.90625 0.46875 16.3526
0.90625 0.46875 9.83695
0.90625 0.46875 23.2885
0.96875 0.46875 14.0795
0.96875 0.46875 0.99279
0.96875 0.46875 17.5452
0.96875 0.46875 7.07561
0.03125 0.53125 13.2811
0.03125 0.53125 10.2482
0.03125 0.53125 14.3446
0.03125 0.53125 15.0439
0.09375 0.53125 9.54414
0.09375 0.53125 1.77459
0.09375 0.53125 3.95057
0.09375 0.53125 12.4742
0.03125 0.59375 8.58993
0.03125 0.59375 5.44082
0.03125 0.59375 7.35813
0.03125 0.59375 1.52701
0.09375 0.59375 6.68934
0.09375 0.59375 3.62647
0.09375 0.59375 1.24998
0.09375 0.59375 7.79136
0.15625 0.53125 10.1874
0.15625 0.53125 27.1913
0.15625 0.53125 2.33473
0.15625 0.53125 6.4398
0.21875 0.53125 14.3509
0.21875 0.53125 18.1133
0.21875 0.53125 13.4141
0.21875 0.53125 16.3199
0.15625 0.59375 4.0476
0.15625 0.59375 5.56617
0.15625 0.59375 8.70492
0.15625 0.59375 11.1043
0.21875 0.59375 6.66875
0.21875 0.59375 4.1833
0.21875 0.59375 11.2899
0.21875 0.59375 3.08859
0.03125 0.65625 4.21382
0.03125 0.65625 7.38209
0.03125 0.65625 7.82063
0.03125 0.65625 1.81454
0.09375 0.65625 9.66949
0.09375 0.65625 11.4598
0.09375 0.65625 8.68074
0.09375 0.65625 1.13666
0.03125 0.71875 12.6677
0.03125 0.71875 4.3909
0.03125 0.71875 10.0864
0.03125 0.71875 21.7297
0.09375 0.71875 2.58213
0.09375 0.71875 1.50331
0.09375 0.71875 4.42353
0.09375 0.71875 14.4995
0.15625 0.65625 10.7443
0.15625 0.65625 3.27488
0.15625 0.65625 8.54521
0.15625 0.65625 1.359
0.21875 0.65625 1.07779
0.21875 0.65625 5.08906
0.21875 0.65625 7.38165
0.21875 0.65625 13.8915
0.15625 0.71875 2.32315
0.15625 0.71875 5.08693
0.15625 0.71875 23.7331
0.15625 0.71875 12.1977
0.21875 0.71875 10.2522
0.21875 0.71875 23.3618
0.21875 0.71875 10.5404
0.21875 0.71875 20.8811
0.28125 0.53125 19.5545
0.28125 0.53125 11.7095
0.28125 0.53125 10.0094
0.28125 0.53125 13.049
0.34375 0.53125 7.02729
0.34375 0.53125 1.64406
0.34375 0.53125 47.5255
0.34375 0.53125 17.4547
0.28125 0.59375 1.66983
0.28125 0.59375 9.86254
0.28125 0.59375 16.7197
0.28125 0.59375 5.07186
0.34375 0.59375 18.5558
0.34375 0.59375 4.5879
0.34375 0.59375 2.07185
0.34375 0.59375 14.8478
0.40625 0.53125 2.25521
0.40625 0.53125 3.32294
0.40625 0.53125 27.5351
0.40625 0.53125 43.0656
0.46875 0.53125 3.07549
0.46875 0.53125 0.0632818
0.46875 0.53125 35.1398
0.46875 0.53125 2.79682
0.40625 0.59375 11.3741
0.40625 0.59375 16.5845
0.40625 0.59375 10.0647
0.40625 0.59375 35.4347
0.46875 0.59375 15.542
0.46875 0.59375 7.22333
0.46875 0.59375 10.6543
0.46875 0.59375 34.1277
0.28125 0.65625 28.3257
0.28125 0.65625 20.1958
0.28125 0.65625 27.9458
0.28125 0.65625 0.609454
0.34375 0.65625 0.30529
0.34375 0.65625 9.7253
0.34375 0.65625 17.1627
0.34375 0.65625 19.764
0.28125 0.71875 13.1445
0.28125 0.71875 2.88714
0.28125 0.71875 16.9358
0.28125 0.71875 5.15312
0.34375 0.71875 0.332579
0.34375 0.71875 4.09477
0.34375 0.71875 23.7847
0.34375 0.71875 3.45067
0.40625 0.65625 4.89064
0.40625 0.65625 1.30746
0.40625 0.65625 8.25522
0.40625 0.65625 25.2471
0.46875 0.65625 15.7521
0.46875 0.65625 1.89658
0.46875 0.65625 2.94907
0.46875 0.65625 18.5611
0.40625 0.71875 19.2028
0.40625 0.71875 14.7411
0.40625 0.71875 28.2603
0.40625 0.71875 19.9178
0.46875 0.71875 0.46555
0.46875 0.71875 15.8701
0.46875 0.71875 18.248
0.46875 0.71875 9.59213
0.03125 0.78125 1.32623
0.03125 0.78125 6.01928
0.03125 0.78125 42.9487
0.03125 0.78125 19.1635
0.09375 0.78125 0.191657
0.09375 0.78125 6.01212
0.09375 0.78125 18.2127
0.09375 0.78125 24.3409
0.03125 0.84375 0.636256
0.03125 0.84375 14.8075
0.03125 0.84375 38.8543
0.03125 0.84375 33.1763
0.09375 0.84375 8.49971
0.09375 0.84375 16.016
0.09375 0.84375 39.771
0.09375 0.84375 8.76064
0.15625 0.78125 11.1143
0.15625 0.78125 11.9369
0.15625 0.78125 2.16367
0.15625 0.78125 16.184
0.21875 0.78125 6.89627
0.21875 0.78125 5.40034
0.21875 0.78125 24.7325
0.21875 0.78125 1.41082
0.15625 0.84375 9.08931
0.15625 0.84375 5.15794
0.15625 0.84375 0.803062
0.15625 0.84375 18.5778
0.21875 0.84375 3.49417
0.21875 0.84375 3.96707
0.21875 0.84375 0.639457
0.21875 0.84375 11.9626
0.03125 0.90625 2.53472
0.03125 0.90625 14.512
0.03125 0.90625 25.2525
0.03125 0.90625 31.4817
0.09375 0.90625 9.45793
0.09375 0.90625 15.7938
0.09375 0.90625 3.6142
0.09375 0.90625 7.04236
0.03125 0.96875 1.9181
0.03125 0.96875 14.2843
0.03125 0.96875 24.6864
0.03125 0.96875 0.0947981
0.09375 0.96875 0.51304
0.09375 0.96875 10.2821
0.09375 0.96875 62.9741
0.09375 0.96875 0.471195
0.15625 0.90625 8.86882
0.15625 0.90625 6.5253
0.15625 0.90625 18.5596
0.15625 0.90625 71.2634
0.21875 0.90625 6.35076
0.21875 0.90625 0.456081
0.21875 0.90625 7.67647
0.21875 0.90625 17.3641
0.15625 0.96875 7.16059
0.15625 0.96875 39.2228
0.15625 0.96875 9.51864
0.15625 0.96875 66.4935
0.21875 0.96875 5.95259
0.21875 0.96875 14.0212
0.21875 0.96875 65.2383
0.21875 0.96875 27.607
0.28125 0.78125 0.869083
0.28125 0.78125 1.80951
0.28125 0.78125 3.61406
0.28125 0.78125 6.28305
0.34375 0.78125 12.1593
0.34375 0.78125 21.8835
0.34375 0.78125 2.39804
0.34375 0.78125 30.4403
0.28125 0.84375 3.33864
0.28125 0.84375 4.61243
0.28125 0.84375 12.0936
0.28125 0.84375 1.52177
0.34375 0.84375 1.10326
0.34375 0.84375 3.73332
0.34375 0.84375 8.029
0.34375 0.84375 2.57821
0.40625 0.78125 6.88474
0.40625 0.78125 0.373669
0.40625 0.78125 14.3967
0.40625 0.78125 22.0387
0.46875 0.78125 6.2358
0.46875 0.78125 5.96087
0.46875 0.78125 2.28533
0.46875 0.78125 5.04045
0.40625 0.84375 3.28012
0.40625 0.84375 1.4509
0.40625 0.84375 7.22044
0.40625 0.84375 0.0836497
0.46875 0.84375 7.28469
0.46875 0.84375 5.78049
0.46875 0.84375 0.960559
0.46875 0.84375 13.2907
0.28125 0.90625 8.56947
0.28125 0.90625 4.06688
0.28125 0.90625 5.77033
0.28125 0.90625 6.66456
0.34375 0.90625 6.09593
0.34375 0.90625 1.14338
0.34375 0.90625 4.00346
0.34375 0.90625 7.41328
0.28125 0.96875 2.65134
0.28125 0.96875 11.0233
0.28125 0.96875 22.0444
0.28125 0.96875 8.93169
0.34375 0.96875 0.77429
0.34375 0.96875 2.83469
0.34375 0.96875 14.568
0.34375 0.96875 0.207728
0.40625 0.90625 4.83758
0.40625 0.90625 2.18933
0.40625 0.90625 3.6842
0.40625 0.90625 15.9324
0.46875 0.90625 1.60594
0.46875 0.90625 3.73325
0.46875 0.90625 4.58777
0.46875 0.90625 0.317628
0.40625 0.96875 8.15675
0.40625 0.96875 3.49702
0.40625 0.96875 0.510471
0.40625 0.96875 9.63974
0.46875 0.96875 3.88067
0.46875 0.96875 9.27491
0.46875 0.96875 5.41031
0.46875 0.96875 4.4024
0.53125 0.53125 11.7025
0.53125 0.53125 5.12639
0.53125 0.53125 33.4662
0.53125 0.53125 4.06038
0.59375 0.53125 1.76197
0.59375 0.53125 2.83761
0.59375 0.53125 10.3891
0.59375 0.53125 6.26734
0.53125 0.59375 3.58637
0.53125 0.59375 3.90796
0.53125 0.59375 2.39247
0.53125 0.59375 3.24393
0.59375 0.59375 9.92181
0.59375 0.59375 4.19246
0.59375 0.59375 0.981798
0.59375 0.59375 4.58465
0.65625 0.53125 10.2137
0.65625 0.53125 6.91498
0.65625 0.53125 2.61779
0.65625 0.53125 4.00012
0.71875 0.53125 12.2268
0.71875 0.53125 19.3099
0.71875 0.53125 10.6419
0.71875 0.53125 25.354
0.65625 0.59375 2.42798
0.65625 0.59375 15.0369
0.65625 0.59375 27.4807
0.65625 0.59375 3.84714
0.71875 0.59375 4.55751
0.71875 0.59375 0.0947166
0.71875 0.59375 89.8878
0.71875 0.59375 9.22787
0.53125 0.65625 8.67168
0.53125 0.65625 14.7001
0.53125 0.65625 5.24619
0.53125 0.65625 3.65528
0.59375 0.65625 20.7068
0.59375 0.65625 3.31901
0.59375 0.65625 3.29807
0.59375 0.65625 13.4253
0.53125 0.71875 2.16394
0.53125 0.71875 5.22483
0.53125 0.71875 2.74333
0.53125 0.71875 14.6834
0.59375 0.71875 9.67999
0.59375 0.71875 21.9166
0.59375 0.71875 12.7054
0.59375 0.71875 10.4518
0.65625 0.65625 5.92657
0.65625 0.65625 14.942
0.65625 0.65625 2.02544
0.65625 0.65625 17.3425
0.71875 0.65625 6.43549
0.71875 0.65625 16.7377
0.71875 0.65625 5.88069
0.71875 0.65625 25.8232
0.65625 0.71875 17.6287
0.65625 0.71875 16.4759
0.65625 0.71875 15.0828
0.65625 0.71875 2.24337
0.71875 0.71875 17.321
0.71875 0.71875 9.53836
0.71875 0.71875 13.3914
0.71875 0.71875 12.2501
0.78125 0.53125 3.49417
0.78125 0.53125 0.950411
0.78125 0.53125 6.98595
0.78125 0.53125 115.097
0.84375 0.53125 6.28261
0.84375 0.53125 5.97095
0.84375 0.53125 12.8076
0.84375 0.53125 3.22063
0.78125 0.59375 25.4177
0.78125 0.59375 3.6254
0.78125 0.59375 23.2428
0.78125 0.59375 12.6755
0.84375 0.59375 6.25613
0.84375 0.59375 5.82989
0.84375 0.59375 92.8026
0.84375 0.59375 9.75534
0.90625 0.53125 4.19741
0.90625 0.53125 5.50325
0.90625 0.53125 17.9978
0.90625 0.53125 0.437766
0.96875 0.53125 5.8189
0.96875 0.53125 14.5064
0.96875 0.53125 9.338
0.96875 0.53125 4.4647
0.90625 0.59375 3.33377
0.90625 0.59375 13.5345
0.90625 0.59375 17.5223
0.90625 0.59375 15.9781
0.96875 0.59375 5.93017
0.96875 0.59375 2.43603
0.96875 0.59375 15.0077
0.96875 0.59375 15.216
0.78125 0.65625 2.43044
0.78125 0.65625 2.17843
0.78125 0.65625 7.51342
0.78125 0.65625 85.9367
0.84375 0.65625 10.8772
0.84375 0.65625 6.81809
0.84375 0.65625 9.50494
0.84375 0.65625 12.113
0.78125 0.71875 1.86189
0.78125 0.71875 1.78985
0.78125 0.71875 9.53261
0.78125 0.71875 4.44613
0.84375 0.71875 6.89239
0.84375 0.71875 15.2999
0.84375 0.71875 5.73815
0.84375 0.71875 10.1612
0.90625 0.65625 4.06851
0.90625 0.65625 15.3269
0.90625 0.65625 6.9735
0.90625 0.65625 12.604
0.96875 0.65625 10.1516
0.96875 0.65625 1.36961
0.96875 0.65625 37.5815
0.96875 0.65625 26.9429
0.90625 0.71875 2.11471
0.90625 0.71875 6.60424
0.90625 0.71875 2.69241
0.90625 0.71875 2.78886
0.96875 0.71875 8.02716
0.96875 0.71875 4.22838
0.96875 0.71875 12.8861
0.96875 0.71875 7.64743
0.53125 0.78125 2.62524
0.53125 0.78125 7.37657
0.53125 0.78125 6.10584
0.53125 0.78125 2.83015
0.59375 0.78125 0.99391
0.59375 0.78125 9.78854
0.59375 0.78125 9.14197
0.59375 0.78125 4.91777
0.53125 0.84375 5.99162
0.53125 0.84375 6.08076
0.53125 0.84375 2.62065
0.53125 0.84375 6.78945
0.59375 0.84375 8.91089
0.59375 0.84375 12.6468
0.59375 0.84375 1.41771
0.59375 0.84375 24.6023
0.65625 0.78125 18.3048
0.65625 0.78125 6.60748
0.65625 0.78125 20.6765
0.65625 0.78125 8.45758
0.71875 0.78125 11.8303
0.71875 0.78125 5.6636
0.71875 0.78125 0.808806
0.71875 0.78125 7.35601
0.65625 0.84375 2.17656
0.65625 0.84375 1.11418
0.65625 0.84375 2.80898
0.65625 0.84375 8.06432
0.71875 0.84375 6.21804
0.71875 0.84375 0.437514
0.71875 0.84375 4.71686
0.71875 0.84375 1.91736
0.53125 0.90625 9.49156
0.53125 0.90625 1.21469
0.53125 0.90625 5.20574
0.53125 0.90625 11.4827
0.59375 0.90625 3.97267
0.59375 0.90625 11.7852
0.59375 0.90625 23.9957
0.59375 0.90625 9.43947
0.53125 0.96875 9.52679
0.53125 0.96875 14.8235
0.53125 0.96875 6.50119
0.53125 0.96875 0.358342
0.59375 0.96875 11.2503
0.59375 0.96875 6.32943
0.59375 0.96875 23.1257
0.59375 0.96875 5.69785
0.65625 0.90625 6.0955
0.65625 0.90625 21.3759
0.65625 0.90625 5.84316
0.65625 0.90625 13.0607
0.71875 0.90625 7.05518
0.71875 0.90625 8.7359
0.71875 0.90625 24.894
0.71875 0.90625 3.765
0.65625 0.96875 5.22582
0.65625 0.96875 34.2102
0.65625 0.96875 16.0134
0.65625 0.96875 0.51171
0.71875 0.96875 20.2212
0.71875 0.96875 26.5057
0.71875 0.96875 10.9872
0.71875 0.96875 4.47243
0.78125 0.78125 3.33109
0.78125 0.78125 16.9316
0.78125 0.78125 9.60229
0.78125 0.78125 9.65068
0.84375 0.78125 2.48315
0.84375 0.78125 6.51041
0.84375 0.78125 7.84767
0.84375 0.78125 9.62816
0.78125 0.84375 14.0359
0.78125 0.84375 19.9996
0.78125 0.84375 7.45156
0.78125 0.84375 17.6385
0.84375 0.84375 14.1943
0.84375 0.84375 0.165028
0.84375 0.84375 15.7128
0.84375 0.84375 18.5543
0.90625 0.78125 7.00301
0.90625 0.78125 4.15504
0.90625 0.78125 4.45968
0.90625 0.78125 11.8002
0.96875 0.78125 7.77572
0.96875 0.78125 12.2616
0.96875 0.78125 16.3562
0.96875 0.78125 11.2196
0.90625 0.84375 16.6573
0.90625 0.84375 10.7226
0.90625 0.84375 4.28384
0.90625 0.84375 1.8001
0.96875 0.84375 8.38952
0.96875 0.84375 1.25244
0.96875 0.84375 38.7719
0.96875 0.84375 16.0472
0.78125 0.90625 3.93364
0.78125 0.90625 5.06332
0.78125 0.90625 10.8693
0.78125 0.90625 6.79038
0.84375 0.90625 11.7602
0.84375 0.90625 40.2936
0.84375 0.90625 27.2863
0.84375 0.90625 23.6542
0.78125 0.96875 17.5218
0.78125 0.96875 35.083
0.78125 0.96875 27.3408
0.78125 0.96875 13.3951
0.84375 0.96875 19.9471
0.84375 0.96875 40.4534
0.84375 0.96875 7.08141
0.84375 0.96875 42.6825
0.90625 0.90625 8.42047
0.90625 0.90625 29.0781
0.90625 0.90625 30.1418
0.90625 0.90625 1.84098
0.96875 0.90625 4.1993
0.96875 0.90625 16.055
0.96875 0.90625 39.5339
0.96875 0.90625 9.11215
0.90625 0.96875 7.58123
0.90625 0.96875 14.5174
0.90625 0.96875 28.4825
0.90625 0.96875 6.80978
0.96875 0.96875 4.63353
0.96875 0.96875 26.3258
0.96875 0.96875 1.88348
0.96875 0.96875 15.9418
