0.017358 0.017358 0.0933909
0.0825024 0.017358 0.0908543
0.167498 0.017358 0.0822669
0.232642 0.017358 0.07164
0.017358 0.0825024 0.0908543
0.0825024 0.0825024 0.0884705
0.167498 0.0825024 0.08021
0.232642 0.0825024 0.0699311
0.017358 0.167498 0.0822669
0.0825024 0.167498 0.08021
0.167498 0.167498 0.0728965
0.232642 0.167498 0.0637428
0.017358 0.232642 0.07164
0.0825024 0.232642 0.0699311
0.167498 0.232642 0.0637428
0.232642 0.232642 0.0559656
0.267358 0.017358 0.0643904
0.332502 0.017358 0.0491136
0.417498 0.017358 0.0266471
0.482642 0.017358 0.00748496
0.267358 0.0825024 0.062926
0.332502 0.0825024 0.0482038
0.417498 0.0825024 0.0265048
0.482642 0.0825024 0.00796479
0.267358 0.167498 0.0574445
0.332502 0.167498 0.0443316
0.417498 0.167498 0.0249656
0.482642 0.167498 0.00839234
0.267358 0.232642 0.0505065
0.332502 0.232642 0.0393058
0.417498 0.232642 0.0227482
0.482642 0.232642 0.0085679
0.017358 0.267358 0.0643904
0.0825024 0.267358 0.062926
0.167498 0.267358 0.0574445
0.232642 0.267358 0.0505065
0.017358 0.332502 0.0491136
0.0825024 0.332502 0.0482038
0.167498 0.332502 0.0443316
0.232642 0.332502 0.0393058
0.017358 0.417498 0.0266471
0.0825024 0.417498 0.0265048
0.167498 0.417498 0.0249656
0.232642 0.417498 0.0227482
0.017358 0.482642 0.00748496
0.0825024 0.482642 0.00796479
0.167498 0.482642 0.00839234
0.232642 0.482642 0.0085679
0.267358 0.267358 0.0455388
0.332502 0.267358 0.0355309
0.417498 0.267358 0.0207238
0.482642 0.267358 0.00803395
0.267358 0.332502 0.0355309
0.332502 0.332502 0.0282114
0.417498 0.332502 0.0173302
0.482642 0.332502 0.00796982
0.267358 0.417498 0.0207238
0.332502 0.417498 0.0173302
0.417498 0.417498 0.0121803
0.482642 0.417498 0.00767987
0.267358 0.482642 0.00803395
0.332502 0.482642 0.00796982
0.417498 0.482642 0.00767987
0.482642 0.482642 0.00729955
0.517358 0.017358 -0.00290431
0.582502 0.017358 -0.0235411
0.667498 0.017358 -0.0479567
0.732642 0.017358 -0.0647465
0.517358 0.0825024 -0.00208373
0.582502 0.0825024 -0.0220473
0.667498 0.0825024 -0.0456956
0.732642 0.0825024 -0.0619823
0.517358 0.167498 -0.000625368
0.582502 0.167498 -0.0185968
0.667498 0.167498 -0.0399142
0.732642 0.167498 -0.0546201
0.517358 0.232642 0.000789583
0.582502 0.232642 -0.0148013
0.667498 0.232642 -0.033313
0.732642 0.232642 -0.0460988
0.767358 0.017358 -0.0716813
0.832502 0.017358 -0.0839562
0.917498 0.017358 -0.0944177
0.982642 0.017358 -0.0981791
0.767358 0.0825024 -0.0686808
0.832502 0.0825024 -0.0805449
0.917498 0.0825024 -0.090706
0.982642 0.0825024 -0.0944177
0.767358 0.167498 -0.0606132
0.832502 0.167498 -0.071329
0.917498 0.167498 -0.0805449
0.982642 0.167498 -0.0839562
0.767358 0.232642 -0.0512471
0.832502 0.232642 -0.0606132
0.917498 0.232642 -0.0686808
0.982642 0.232642 -0.0716813
0.517358 0.267358 0.00101961
0.582502 0.267358 -0.0130729
0.667498 0.267358 -0.0298359
0.732642 0.267358 -0.0414391
0.517358 0.332502 0.0026848
0.582502 0.332502 -0.00807953
0.667498 0.332502 -0.0209189
0.732642 0.332502 -0.0298359
0.517358 0.417498 0.00493566
0.582502 0.417498 -0.000969642
0.667498 0.417498 -0.00807953
0.732642 0.417498 -0.0130729
0.517358 0.482642 0.00672079
0.582502 0.482642 0.00493566
0.667498 0.482642 0.0026848
0.732642 0.482642 0.00101961
0.767358 0.267358 -0.0460988
0.832502 0.267358 -0.0546201
0.917498 0.267358 -0.0619823
0.982642 0.267358 -0.0647465
0.767358 0.332502 -0.033313
0.832502 0.332502 -0.0399142
0.917498 0.332502 -0.0456956
0.982642 0.332502 -0.0479567
0.767358 0.417498 -0.0148013
0.832502 0.417498 -0.0185968
0.917498 0.417498 -0.0220473
0.982642 0.417498 -0.0235411
0.767358 0.482642 0.000789583
0.832502 0.482642 -0.000625368
0.917498 0.482642 -0.00208373
0.982642 0.482642 -0.00290431
0.017358 0.517358 -0.00290431
0.0825024 0.517358 -0.00208373
0.167498 0.517358 -0.000625368
0.232642 0.517358 0.000789583
0.017358 0.582502 -0.0235411
0.0825024 0.582502 -0.0220473
0.167498 0.582502 -0.0185968
0.232642 0.582502 -0.0148013
0.017358 0.667498 -0.0479567
0.0825024 0.667498 -0.0456956
0.167498 0.667498 -0.0399142
0.232642 0.667498 -0.033313
0.017358 0.732642 -0.0647465
0.0825024 0.732642 -0.0619823
0.167498 0.732642 -0.0546201
0.232642 0.732642 -0.0460988
0.267358 0.517358 0.00101961
0.332502 0.517358 0.0026848
0.417498 0.517358 0.00493566
0.482642 0.517358 0.00672079
0.267358 0.582502 -0.0130729
0.332502 0.582502 -0.00807953
0.417498 0.582502 -0.000969642
0.482642 0.582502 0.00493566
0.267358 0.667498 -0.0298359
0.332502 0.667498 -0.0209189
0.417498 0.667498 -0.00807953
0.482642 0.667498 0.0026848
0.267358 0.732642 -0.0414391
0.332502 0.732642 -0.0298359
0.417498 0.732642 -0.0130729
0.482642 0.732642 0.00101961
0.017358 0.767358 -0.0716813
0.0825024 0.767358 -0.0686808
0.167498 0.767358 -0.0606132
0.232642 0.767358 -0.0512471
0.017358 0.832502 -0.0839562
0.0825024 0.832502 -0.0805449
0.167498 0.832502 -0.071329
0.232642 0.832502 -0.0606132
0.017358 0.917498 -0.0944177
0.0825024 0.917498 -0.090706
0.167498 0.917498 -0.0805449
0.232642 0.917498 -0.0686808
0.017358 0.982642 -0.0981791
0.0825024 0.982642 -0.0944177
0.167498 0.982642 -0.0839562
0.232642 0.982642 -0.0716813
0.267358 0.767358 -0.0460988
0.332502 0.767358 -0.033313
0.417498 0.767358 -0.0148013
0.482642 0.767358 0.000789583
0.267358 0.832502 -0.0546201
0.332502 0.832502 -0.0399142
0.417498 0.832502 -0.0185968
0.482642 0.832502 -0.000625368
0.267358 0.917498 -0.0619823
0.332502 0.917498 -0.0456956
0.417498 0.917498 -0.0220473
0.482642 0.917498 -0.00208373
0.267358 0.982642 -0.0647465
0.332502 0.982642 -0.0479567
0.417498 0.982642 -0.0235411
0.482642 0.982642 -0.00290431
0.517358 0.517358 0.00729955
0.582502 0.517358 0.00767987
0.667498 0.517358 0.00796982
0.732642 0.517358 0.00803395
0.517358 0.582502 0.00767987
0.582502 0.582502 0.0121803
0.667498 0.582502 0.0173302
0.732642 0.582502 0.0207238
0.517358 0.667498 0.00796982
0.582502 0.667498 0.0173302
0.667498 0.667498 0.0282114
0.732642 0.667498 0.0355309
0.517358 0.732642 0.00803395
0.582502 0.732642 0.0207238
0.667498 0.732642 0.0355309
0.732642 0.732642 0.0455388
0.767358 0.517358 0.00856789
0.832502 0.517358 0.00839234
0.917498 0.517358 0.00796479
0.982642 0.517358 0.00748496
0.767358 0.582502 0.0227482
0.832502 0.582502 0.0249656
0.917498 0.582502 0.0265048
0.982642 0.582502 0.0266471
0.767358 0.667498 0.0393058
0.832502 0.667498 0.0443316
0.917498 0.667498 0.0482038
0.982642 0.667498 0.0491136
0.767358 0.732642 0.0505065
0.832502 0.732642 0.0574445
0.917498 0.732642 0.062926
0.982642 0.732642 0.0643904
0.517358 0.767358 0.0085679
0.582502 0.767358 0.0227482
0.667498 0.767358 0.0393058
0.732642 0.767358 0.0505065
0.517358 0.832502 0.00839234
0.582502 0.832502 0.0249656
0.667498 0.832502 0.0443316
0.732642 0.832502 0.0574445
0.517358 0.917498 0.00796479
0.582502 0.917498 0.0265048
0.667498 0.917498 0.0482038
0.732642 0.917498 0.062926
0.517358 0.982642 0.00748496
0.582502 0.982642 0.0266471
0.667498 0.982642 0.0491136
0.732642 0.982642 0.0643904
0.767358 0.767358 0.0559656
0.832502 0.767358 0.0637428
0.917498 0.767358 0.0699311
0.982642 0.767358 0.07164
0.767358 0.832502 0.0637428
0.832502 0.832502 0.0728965
0.917498 0.832502 0.08021
0.982642 0.832502 0.0822669
0.767358 0.917498 0.0699311
0.832502 0.917498 0.08021
0.917498 0.917498 0.0884705
0.982642 0.917498 0.0908543
0.767358 0.982642 0.07164
0.832502 0.982642 0.0822669
0.917498 0.982642 0.0908543
0.982642 0.982642 0.0933909
